"lg" "pos1" "pos2" "ks"
1 65279 68049 0.0748
1 356280 359332 0.2542
1 422752 424954 0.1664
1 452299 459852 2.6353
1 471859 472790 0.1492
1 511973 512935 0.0378
1 514072 517686 0.0933
1 548083 553305 0.3958
1 853151 864471 0.0734
1 871940 888344 0.1513
1 940637 945583 0.1158
1 992281 1011125 0.2547
1 1282804 1288222 0.0648
1 1885131 1888093 0.0316
1 1946323 1961483 0.5678
1 1971192 1973857 0.7682
1 2031473 2034226 3.0106
1 2218130 2220146 0.8886
1 3325760 3330237 0.259
1 3340594 3345546 0.2088
1 3352438 3368132 0.3827
1 4084568 4091343 0.1508
1 4118509 4121716 0.0807
1 4123737 4126346 0.1312
1 4139700 4159247 0.1325
1 4176012 4177785 0.4467
1 4586161 4587852 0.2435
1 4586161 4587852 0.1563
1 4706529 4713986 0.1797
1 4792948 4798955 0.1521
1 5694625 5711351 0.2388
1 5731414 5748914 0.162
1 5944178 5955498 0.1827
1 6000726 6022255 0.1251
1 6368016 6374543 0.2486
1 6642138 6717755 2.9568
1 7453665 7477359 0.0941
1 7534359 7547904 0.1541
1 7562563 7566990 0.2146
1 8397728 8403362 0.076
1 8598220 8599405 0.3193
1 8655427 8664547 0.0907
1 9246964 9263588 0.1595
1 9296870 9301292 0.1149
1 9400751 9406312 0.1532
1 9508614 9534420 0.3892
1 9560771 9569667 0.1555
1 9749862 9760409 0.1603
1 9998415 10002459 0.0975
1 10069916 10078479 0.1213
1 10314860 10320421 0.0451
1 10510081 10530432 0.14
1 10860067 10863090 1.972
1 10867279 10871441 0.0533
1 10989308 10993656 0.2298
1 11344900 11377049 0.2
1 11927310 11930245 0.156
1 12142333 12144354 0.1274
1 12349179 12353000 0.0959
1 12409078 12411083 0.0929
1 12734935 12836723 0.2322
1 13228998 13231622 0.1707
1 13316994 13352960 0.0821
1 14115348 14175530 0.1901
1 14219642 14237938 0.3547
1 14364430 14399824 0.1603
1 14464975 14465613 0.1969
1 14826603 14868822 0.0921
1 15021862 15023385 0.0785
1 15385521 15392799 0.2315
1 15672536 15680581 0.1689
1 15681236 15690867 2.7215
1 15879237 15887904 0.1242
1 16588424 16592719 0.1168
1 16588424 16592719 0.1245
1 16701544 16718918 0.0202
1 16735802 16742699 0.1978
1 16773334 16777671 0.4311
1 16837280 16849253 3.4942
1 16852894 16897265 0.1187
1 16852894 16897265 0.0902
1 16949343 16985285 0.3113
1 17010466 17013973 0.2175
1 17445282 17450622 0.1533
1 18392058 18423914 0.1213
1 18427135 18428284 0.0833
1 19014979 19017050 0.2707
1 19545312 19555426 0.4023
1 19754526 19779359 0.1125
1 19897417 19919880 0.1519
1 20045431 20049670 0.233
1 20075159 20084895 0.414
1 20161038 20166961 3.0451
1 20168495 20203699 0.2163
1 20584818 20596751 0.2796
1 20602952 20606237 0.1272
1 20605741 20608909 0.1631
1 20820542 20824484 0.1507
1 20820542 20824484 0.2164
1 20921581 20927516 0.2184
1 21063176 21092565 0.2475
1 21099552 21104133 0.2435
1 21543442 21565537 0.1434
1 21589378 21596657 3.4994
1 21699651 21730178 0.5029
1 21699651 21730178 0.3713
1 21699651 21730178 0.524
1 21961734 21977124 0.0811
1 22023622 22036587 0.4693
1 22168200 22171306 0.1579
1 22177916 22183240 0.1145
1 22177916 22183240 0.1464
1 22234348 22240770 0.4539
1 22403687 22410614 0.3128
1 22403687 22410614 0.1618
1 22854032 22861463 0.2463
1 23118497 23122875 0.0547
1 23258559 23274380 0.0954
1 23675848 23692437 2.4607
1 23730610 23734360 0.1785
1 24949671 24977691 0.0449
1 25188783 25201127 0.153
1 25484367 25487072 0.1262
1 25484367 25487072 0.168
1 25545113 25550186 0.2089
1 25562179 25563867 0.093
1 25571569 25595585 0.1927
1 26724253 26735419 0.196
1 26943450 26948639 0.0569
1 26943450 26948639 99
1 26979595 26986537 0.1479
1 27174346 27200895 0.283
1 27301630 27312271 0.1617
1 27336601 27339295 0.155
1 27354000 27356848 0.1346
1 27446960 27451949 0.2046
1 27446960 27451949 0.2055
1 27452167 27468393 0.0708
1 27507092 27513914 1.1222
1 27514141 27518203 0.1966
1 27519218 27524787 0.2001
1 28148095 28157143 0.3163
2 197614 208944 0.2481
2 197614 208944 0.1027
2 208404 212181 0.0846
2 555934 560524 0.1982
2 909776 918786 0.2069
2 2319783 2325710 0.0525
2 3432353 3465628 0.1313
2 4151913 4163692 0.1691
2 4499953 4527479 0.1291
2 4687644 4712645 1.7092
2 5095509 5111066 0.1032
2 5274053 5289474 0.2478
2 5401930 5409409 0.1321
2 5427953 5521857 0.1782
2 5663181 5664050 0.133
2 5669451 5670158 0.0181
2 5753311 5760689 0.2893
2 5837267 5852720 0.1501
2 5868958 5878298 0.1845
2 6218344 6221725 0.0339
2 6248379 6254075 0.2192
2 6248379 6254075 0.1857
2 6254142 6263583 0.1724
2 6502186 6507763 0.1842
2 7374750 7417719 0.1889
2 7709432 7715812 0.1411
2 8546800 8561289 0.1731
2 8646351 8649168 0.1869
2 8646351 8649168 0.2708
2 8651143 8652237 0.114
2 8790724 8810598 0.1795
2 9043062 9051779 0.1818
2 9116332 9139014 0.0976
2 9204468 9207737 0.1405
2 9428833 9438117 0.1494
2 9716095 9718781 0.0833
2 9756926 9765985 0.0967
2 10100660 10114418 0.1327
2 10126536 10191562 0.3095
2 10247846 10255097 0.1289
2 10556049 10563252 0.1598
2 10570981 10573911 0.0263
2 11101817 11113827 0.05
2 11156528 11166608 0.1267
2 11195298 11205427 0.1428
2 11208619 11242295 0.4716
2 11246365 11263230 0.1496
2 11310523 11317108 0.1262
2 11486094 11493188 0.0815
2 11613372 11616719 0.1291
2 11641947 11646959 0.1129
2 11722154 11730039 0.2805
2 11722154 11730039 0.1794
2 11794052 11818684 0.1596
2 11953016 11953596 0.0806
2 12011446 12015686 0.1933
2 12111558 12113883 0.1354
2 12593892 12606851 0.021
2 12728201 12750898 0.1362
2 12798371 12804397 0.1085
2 13354960 13361429 0.1645
2 13387601 13389773 0.036
2 13433139 13446582 1.0984
2 13583174 13588458 0.1372
2 13766137 13772502 0.1359
2 13766137 13772502 0.0786
2 13830516 13837160 0.1603
2 14958597 14964917 0.12
2 14972131 14987084 0.1594
2 15258520 15263264 0.0921
2 15508707 15527513 0.1189
2 15546599 15556143 0.1033
2 15594443 15597613 0.2448
2 15611122 15638187 0.212
2 16344186 16345923 0.1335
2 16530824 16543473 0.1643
2 16545907 16561468 0.1661
2 17770795 17780544 0.1811
2 18050954 18082549 0.359
2 18319192 18327379 0.3203
2 18508654 18511010 0.2355
2 18508654 18511010 0.1157
2 18978832 18987772 0.2834
2 19161545 19179476 0.3344
2 19161545 19179476 0.8644
2 19609208 19617388 0.5324
2 19620980 19627251 0.2175
2 19628202 19633486 0.3775
2 19628202 19633486 0.2019
2 21429969 21436380 0.2457
2 21783698 21793559 0.5856
2 21884353 21888743 0.2023
2 22032095 22033496 0.3185
2 22344481 22347368 0.2981
2 22344481 22347368 0.0407
2 22369179 22372454 0.0305
2 22645723 22648447 0.163
2 22662092 22672812 0.2781
2 22662092 22672812 0.1824
2 22996403 23017997 0.363
3 61645 62006 0.1395
3 67525 69733 0.0531
3 639394 651698 0.276
3 659228 681226 0.2173
3 686079 690205 0.5743
3 686079 690205 0.4684
3 703525 708437 0.3458
3 815615 833164 0.1976
3 948765 953424 0.1575
3 1446399 1449815 0.4251
3 1491421 1496838 0.1748
3 1584858 1598818 0.1976
3 1601834 1608377 0.1794
3 1601834 1608377 0.2893
3 1651826 1658273 0.1948
3 1651826 1658273 0.1981
3 1652723 1653751 0.0334
3 2114207 2121278 0.2464
3 2756952 2758757 0.1614
3 2930749 2933747 0.1683
3 2976579 2982013 0.1248
3 3301256 3346169 0.2757
3 3914291 3917139 0.2442
3 4404854 4405859 0.0564
3 4581095 4703290 0.2588
3 5080003 5084046 0.1631
3 5190441 5212962 0.2929
3 5578775 5596153 0.0767
3 5578775 5596153 0.3865
3 5578775 5596153 0.498
3 5866884 5872696 0.2334
3 5925218 5932467 0.2448
3 5925218 5932467 0.1759
3 6049832 6063238 0.197
3 6154751 6172107 0.2606
3 6657844 6658807 0.1585
3 7108939 7139661 0.1335
3 7108939 7139661 0.1207
3 7202744 7209376 0.1222
3 7217340 7220245 0.1207
3 7427682 7446663 0.0501
3 7559943 7569122 0.3441
3 8009129 8017815 0.1946
3 8009129 8017815 0.1909
3 8228521 8241639 0.3649
3 8246334 8249423 0.177
3 8459524 8461028 0.2133
3 8582456 8586301 0.1986
3 8857076 8860194 0.2152
3 8973992 8977937 0.1462
3 8999015 9003369 3.1196
3 9036495 9039868 0.1172
3 9057179 9068211 0.2357
3 9367536 9370453 0.1565
3 9378475 9381561 0.0507
3 9402021 9405305 0.2107
3 9564767 9568355 0.1166
3 9677722 9687577 0.1199
3 9794901 9798464 0.2246
3 9805884 9807571 0.3368
3 9947686 9964147 0.1389
3 10056598 10062502 0.1836
3 10062736 10068969 0.2381
3 10114734 10119038 0.1178
3 10127740 10133623 0.2732
3 10283986 10298923 0.1658
3 10346412 10355074 99
3 10646496 10648670 0.1204
3 10847282 10862925 0.0451
3 10874901 10881618 0.1717
3 10950339 10953424 0.108
3 10972825 10998567 0.035
3 11139076 11147173 0.133
3 11211369 11222868 0.1332
3 11266272 11286371 0.0602
3 11461180 11467011 0.0864
3 11475625 11485366 0.1186
3 11833742 11836530 0.0932
3 11833742 11836530 0.2915
3 12263326 12266169 0.1644
3 12367900 12400959 0.2455
3 12420194 12426654 0.1541
3 12508327 12518247 0.1241
3 12808960 12812334 NA
3 12808960 12812334 0.3169
3 12909582 12925141 0.1344
3 12964158 12979929 0.1547
3 13313541 13317526 0.3116
3 13414144 13422881 0.1603
3 13414144 13422881 0.1541
3 13432276 13434350 0.3597
3 13637117 13651738 0.2988
3 13672383 13693975 0.1104
3 13733804 13735972 0.2548
3 13910747 13912276 1.5417
3 14034859 14037288 0.1309
3 14147862 14154214 0.3436
3 14147862 14154214 0.2546
3 14252482 14261760 0.9467
3 15167466 15170775 0.1738
3 15871199 15879067 0.2748
3 15879522 15889696 0.2222
3 16092058 16098924 0.2136
3 16233544 16240384 0.1433
3 16340737 16348701 0.0904
3 16465506 16473530 0
3 16727415 16733487 0.322
4 36406 48625 0.1003
4 52404 57303 0.2352
4 62360 78815 0.1856
4 166206 169934 0.1764
4 204213 205371 0.416
4 306409 310477 0.3196
4 812078 814424 0.19
4 983296 986835 0.3305
4 1368026 1374881 0.5866
4 1429479 1436213 0.1593
4 1788271 1792398 0.22
4 1788271 1792398 0.3631
4 1958013 1970369 0.0862
4 2044920 2048363 0.1874
4 2274383 2291325 0.3577
4 2804460 2817712 0.1462
4 3512927 3533277 0.1413
4 3811447 3818351 0.1993
4 3949848 3953099 0.1039
4 4958777 4996893 0.2135
4 5025485 5026396 0.1268
4 5239852 5249268 0.1678
4 5250116 5266364 0.1666
4 5444600 5449528 0.12
4 5465178 5469864 0.1015
4 5656926 5700384 0.0969
4 5656926 5700384 0.1714
4 5726916 5729912 0.2354
4 5736260 5741815 0.2487
4 5886034 5889741 3.5041
4 5886034 5889741 0.5232
4 6059699 6062416 0.1151
4 6128331 6137952 0.2268
4 6433610 6434933 0.3529
4 6436434 6440360 0.4941
4 6637778 6644883 0.0228
4 6647526 6652078 0.1923
4 6667356 6670230 0.2277
4 6701110 6703657 0.0841
4 6704968 6707433 0.144
4 7480346 7482175 0.0562
4 7935974 7942706 0.1353
4 8205476 8214826 0.189
4 8369911 8376071 0.1378
4 9060971 9066262 0.1584
4 9188139 9197982 0.106
4 9213999 9216851 0.1251
4 9213999 9216851 0.1791
4 9284842 9299649 0.4011
4 9301783 9304461 0.2685
4 9387103 9394353 0.0837
4 9462684 9463736 0.1495
4 9760072 9818687 0.2279
4 9891646 9894039 0.0885
4 10011240 10014333 0.134
4 10229454 10232135 0.053
4 10308234 10319145 0.0886
4 10320593 10328685 0.113
4 10687390 10690122 0.0844
4 10953105 10958318 0.0886
4 11075050 11077381 0.1539
4 11092615 11102092 0.163
4 11277608 11284180 0.1578
4 11277608 11284180 0.178
4 11369935 11375266 0.17
4 11472856 11477288 0.0406
4 11472856 11477288 0.1458
4 11522338 11536820 0.0774
4 11538994 11545411 0.1858
4 11684734 11693021 0.2032
4 11736941 11737642 0.2274
4 11746564 11751010 0.1738
4 11826390 11829208 0.1612
4 11854583 11862355 0.0758
4 12313008 12315929 0.1719
4 12424107 12436050 0.1218
4 12660845 12838539 0.2716
4 12700707 12768384 0.0675
4 12962154 12969566 0.1005
4 13220801 13248223 0.2452
4 13258735 13265652 0.1415
4 13399655 13402595 0.3097
4 13527626 13591025 0.14
4 13982895 13987174 0.1433
4 14058422 14069207 0.2134
4 15043955 15047549 0.0823
4 15052253 15058258 0.1105
4 15062301 15064804 0.1874
4 15071091 15091831 0.1484
4 15190465 15198204 0.1617
4 15526994 15532191 0.2774
4 15719840 15725466 0.1971
4 15824416 15838639 0.1277
4 15954004 15959049 0.3395
4 16071855 16095734 0.2049
4 16164001 16171694 0.0554
4 16297039 16301643 0.1983
4 16533394 16548513 0.2016
4 16772040 16776220 0.1717
4 17450715 17455584 0.3864
4 17925840 17930213 0.1009
4 18488149 18495417 0.2564
4 18543783 18547349 2.0786
4 18741714 18751286 0.2936
4 18828360 18832101 0.2439
4 19314830 19379883 0.1251
4 19502772 19504901 0.0572
4 20374567 20407295 0.0645
4 20917221 20932399 0.1228
4 20945694 20956175 0.1603
4 21221532 21246568 0.1123
4 21262685 21271766 0.1284
4 22027107 22030588 0.1768
4 22551103 22579176 0.1352
4 23687033 23688966 0.1345
4 23806218 23810016 0.3177
4 23811090 23816322 0.2197
4 23864187 23890676 0.1838
4 23961613 23967201 0.1107
4 24520701 24530277 0.2733
4 24630021 24640628 0.0975
4 24957846 24971820 0.2851
4 25082914 25088724 0.2046
4 25789342 25800959 0.1636
4 25849279 25873712 0.082
4 26021971 26033263 0.1469
4 26207852 26212571 0.1862
4 26250725 26269765 0.1713
4 26349154 26359682 0.0787
4 26349154 26359682 0.1505
4 26375264 26387285 0.1191
4 28316948 28326061 0.1735
4 28378013 28403440 0.1244
4 28457178 28459966 0.1514
4 29560357 29567460 0.1591
4 30118637 30232386 2.8469
4 30411949 30419505 0.108
4 30481780 30482190 0.1492
4 30547378 30561073 0.3165
4 30597678 30600528 0.2029
4 30901709 30906129 0.2338
4 30973669 30979069 0.232
4 31017618 31022772 0.2649
4 31090663 31094886 0.4083
4 31271783 31278804 0.1143
4 31515284 31530816 0.179
4 31604014 31607594 3.197
4 31608077 31608636 0.5037
4 31709728 31725250 0.2795
4 31771885 31775335 0.0889
4 32098461 32108128 0.193
4 32137226 32150243 2.063
4 32236559 32240853 0.1746
4 32240950 32243596 0.3083
4 32364662 32371197 0.2498
4 32379737 32384613 0.2546
4 32384728 32387831 0.2203
4 32488034 32538593 0.1989
4 32581142 32587104 0.1481
4 32581142 32587104 0.2675
4 32590582 32593730 0.263
4 32590582 32593730 0.369
5 275506 294583 0.3612
5 786575 789652 0.2248
5 834469 835775 0.1566
5 842100 847047 0.2674
5 1235261 1240713 0.2263
5 1280667 1289098 0.3393
5 1488301 1595530 0.1199
5 1746291 1792725 0.1516
5 1856846 1875130 0.0888
5 1889351 1897596 0.0275
5 1948087 1960541 0.1834
5 1964805 1971970 0.0655
5 2070676 2081595 0.1633
5 2083269 2085300 2.1667
5 2092529 2120943 0.1334
5 2092529 2120943 0.0661
5 2239200 2246209 0.3256
5 2254186 2259462 0.279
5 2529074 2539884 0.2395
5 3438514 3454716 0.167
5 3960091 3962905 0.1935
5 4131759 4156082 0.15
5 4765028 4781148 0.3876
5 4765028 4781148 0.2742
5 4919290 4923420 0.5866
5 5581534 5583308 0.205
5 5992126 5999676 0.2461
5 6197315 6212262 0.4403
5 6835177 6843962 0.0936
5 7046532 7049808 0.0394
5 7046532 7049808 0.184
5 8058949 8060987 0.0327
5 8061728 8074029 0.0828
5 8348655 8373662 0.4515
5 8794308 8796691 0.4054
5 9518126 9521094 0.2446
5 9593495 9596985 0.6676
5 9634157 9637430 0.562
5 9715934 9724579 0.2223
5 9729966 9739512 0.168
5 9740351 9744541 0.2599
5 9752010 9753346 0.1505
5 9759868 9760821 0.1909
5 9854759 9863173 0.2512
5 9942067 9963447 0.1399
5 10321127 10325727 0.1958
5 10353937 10357125 0.1174
5 10425668 10426748 0.4231
5 10509715 10512933 0.1015
5 10669071 10673105 0.2388
5 11374771 11375978 0.1974
5 11376040 11380955 0.2808
5 11376040 11380955 0.1486
5 11530314 11534646 0.2474
5 11544593 11550263 0.5862
5 11579931 11584815 0.3806
5 11771822 11778526 0.2294
5 12116420 12128789 0.4076
5 12143018 12152536 0.1618
5 12199130 12200797 0.3964
5 12199130 12200797 0.715
5 12216057 12219723 2.5329
6 255380 298465 0.1696
6 341078 386283 0.103
6 341078 386283 0.1544
6 498779 507522 0.2233
6 734075 746734 0.4502
6 933407 934265 0.2228
6 934292 937136 0.1858
6 938533 978442 2.0077
6 993318 996867 0.04
6 1139738 1140597 0.168
6 1320205 1324886 0.0891
6 2275401 2286634 0.2353
6 2319890 2328619 0.1622
6 2548568 2553753 0.1336
6 2623392 2632513 0.1837
6 2860444 2863959 0.1802
6 2946546 2951616 0.049
6 3094294 3115753 0.2789
6 3165689 3200700 0.0893
6 3442409 3447586 0.1202
6 3442409 3447586 0.1991
6 3639819 3643625 0.1685
6 3650932 3694163 0.0806
6 3650932 3694163 0.1019
6 3971466 3979314 0.195
6 4390950 4392855 0.2178
6 4394224 4397054 0.1646
6 4400114 4418230 0.185
6 4996563 4999091 3.7277
6 5204637 5226996 0.092
6 5817187 5820331 0.1691
6 5820167 5821469 0.7644
6 5842529 5847391 0.1491
6 5854317 5864318 0.1831
6 5884178 5891657 0.1217
6 6087120 6093868 0.2152
6 6106690 6131567 0.1955
6 6358824 6377941 0.318
6 6892332 6912340 0.1357
6 7197268 7241670 0.069
6 7246960 7336430 0.1282
6 7611306 7689548 0.2084
6 7870637 7876119 0.2017
6 7878617 7883397 0.1352
6 7885169 7888713 0.1469
6 7939521 7946235 0.124
6 8589742 8610356 0.1469
6 9279541 9284697 0.1219
6 9526215 9543887 0.1874
6 9801170 9806633 0.1353
6 9862404 9866201 0.1153
6 10053208 10156710 0.0952
6 10053208 10156710 0.2924
6 10410300 10415800 0.139
6 10538527 10559377 0.1458
6 10882412 10887130 0.192
6 11660215 11671041 0.1227
6 11880472 11883962 0.2693
6 11910628 11918855 0.2009
6 12246869 12261484 0.0891
6 12459328 12462277 0.1959
6 12537633 12538976 0.1253
6 13046769 13058774 0.2172
6 13072726 13085012 0.185
6 13101787 13105046 0.2693
6 13221791 13226902 0.4432
6 13374118 13380352 0.2963
6 13382903 13423645 0.1366
6 13726559 13729505 0.2665
6 14206945 14208461 99
6 14289079 14293110 2.9229
6 14576350 14579081 0.2957
6 14974759 14976817 0.2348
6 15393128 15395144 0.1439
6 15521491 15543739 0.1951
6 15646558 15650220 0.1842
6 15676414 15682739 0.1521
6 15716541 15719357 0.5056
6 16426626 16428862 0.3337
6 16590500 16621155 0.0456
6 16851410 16855413 0.1654
6 16856594 16862328 0.2138
6 16884436 17025590 0.1429
6 17034175 17043164 0.1512
6 17045314 17071390 0.1315
6 17075680 17076923 0.3114
7 527975 532446 0.2226
7 533690 538270 0.4288
7 533690 538270 0.3303
7 533690 538270 0.2035
7 697432 702151 0.4937
7 727279 738131 0.2181
7 743933 744780 0.5265
7 1064732 1078246 0.0739
7 1441478 1444706 0.1938
7 1481900 1484089 0.1608
7 1522987 1538754 0.7361
7 1755256 1766248 0.3658
7 2242556 2251311 0.2686
7 2255056 2257655 1.623
7 2280760 2299174 0.5527
7 2420217 2422107 0.2441
7 2422683 2438993 0.2993
7 2467974 2472162 0.2902
7 2558507 2561095 0.0802
7 2913582 2915531 0.2201
7 2919952 2922970 0.2457
7 3076904 3080943 0.1421
7 3160049 3162174 0.2946
7 3222487 3232052 0.1886
7 3993749 4000926 0.2465
7 4096748 4103575 0.1804
7 4193229 4195298 0.2883
7 4349526 4352347 0.0454
7 4922502 4924058 0.3404
7 5878944 5936345 0.0811
7 5878944 5936345 0.243
7 6100518 6112064 0.1685
7 6623513 6654186 0.1705
7 6663776 6665467 0.1528
7 6666220 6667306 0.2627
7 6668657 6676279 0.1966
7 6892710 6895859 0.2014
7 6949922 6960905 0.1599
7 7126457 7155993 0.2387
7 7239835 7431018 0.1752
7 7463600 7468791 0.0941
7 7491253 7493482 0.3623
7 7496418 7498823 0.2492
7 7786266 7809439 0.117
7 7831193 7837026 0.2272
7 8116198 8127941 0.3027
7 8493116 8525881 0.3196
7 8975875 8977495 0.1391
7 9408874 9410882 1.334
7 10172053 10177087 0.1866
7 10172053 10177087 0.2623
7 10180846 10198706 0.1329
7 10341551 10347519 0.1354
7 11107960 11117215 0.3113
7 11130068 11134155 0.2858
7 12647467 12650755 0.1644
7 13068148 13075642 0.2663
7 13275786 13290208 0.1576
7 13452421 13459982 0.1412
7 14103105 14106046 0.1596
7 14183650 14212680 0.2166
7 14225069 14226886 0.0882
7 14793405 14819213 0.1274
7 14865123 14870596 0.072
7 14996045 15000947 0.1198
7 15050814 15055095 0.172
7 15140992 15195847 0.0829
7 15454238 15462511 0.1174
7 15839921 15844216 0.1898
7 15839921 15844216 0.2407
7 16342242 16366782 0.1129
7 16804232 16815940 1.9123
7 16896044 16899867 0.4883
7 16896044 16899867 0.2164
7 17237759 17250964 0.0876
7 17536427 17538070 0.1968
7 17536427 17538070 0.1061
7 17555779 17574579 0.062
7 17672904 17677820 0.2038
7 17672904 17677820 0.1762
7 17672904 17677820 0.2406
7 17823824 17827313 0.0493
7 17823824 17827313 0.1695
7 17868985 17874965 0.0938
7 17880340 17881233 0.2097
7 17911856 17932197 0.1032
7 17946329 17953886 0.0834
7 18693247 18697244 0.2856
7 18962839 18965340 0.1637
7 19014182 19021265 0.2762
7 19058006 19064550 0.2215
7 19070731 19075868 0.1602
7 19164790 19169107 0.1677
7 19376347 19380259 0.16
7 19379916 19392471 0.1503
7 19808277 19812190 0.0549
7 19841149 19845845 0.3483
7 19862568 19864174 0.2996
7 19999571 20005838 0.2883
7 20054776 20129917 0.1206
7 20248462 20250782 0.2396
7 20967953 20976871 0.088
7 21312694 21317635 0.1397
7 21434983 21444290 0.1318
7 21446434 21456144 0.1304
7 21503236 21509438 0.1192
7 21503236 21509438 0.1896
7 21522295 21524784 0.1829
7 21531881 21533563 0.1063
7 21553234 21555368 0.0262
7 21643034 21651293 0.157
7 21643034 21651293 0.1844
7 21727117 21733264 0.1357
7 21762041 21835045 0.1598
7 21876769 21881377 0.4193
7 22000566 22009910 0.0672
7 22028152 22042272 0.1367
7 22228171 22230503 0.1935
7 22252070 22257290 0.22
7 22252070 22257290 0.201
7 22391171 22393530 0.087
7 22391171 22393530 0.047
7 22406697 22410320 0.2033
7 22638729 22659422 0.2045
7 22791029 22813599 0.1054
7 22978590 22995217 0.1197
7 23139706 23143482 0.2039
7 23962472 23988220 0.1702
7 24888611 24890784 0.2311
7 24888611 24890784 0.1283
7 24894073 24901097 0.407
7 25210120 25215362 3.3276
7 25236144 25242747 0.2185
7 25247236 25249898 0.1564
7 25558710 25575742 0.1032
7 26218780 26226964 0.1645
7 26257019 26258074 0.2021
7 26779300 26784677 0.163
7 26931349 26939215 0.3674
7 27201860 27205236 0.3757
7 27211276 27233809 0.1388
7 27596111 27599396 0.1523
7 27758209 27772965 0.2737
7 27758209 27772965 0.1032
7 27777788 27779610 0.1
7 27777788 27779610 0.0677
7 27905756 27917076 0.0986
8 1243896 1252978 0.138
8 1637004 1643277 0.1402
8 1947119 1949130 0.1441
8 2132916 2145512 0.1792
8 2340978 2344885 0.2511
8 2356295 2370131 0.2895
8 2751137 2756456 0.0879
8 3125646 3129121 0.1215
8 3130255 3133238 0.3617
8 3139462 3144558 0.0608
8 3184387 3193250 0.2997
8 3253480 3280790 0.6144
8 4566579 4571023 0.2369
8 5057122 5059646 0.1281
8 5061230 5065590 0.2127
8 5068181 5071857 0.141
8 5660047 5661351 0.5815
8 5803165 5824796 0.2419
8 6002241 6009459 0.2138
8 6356136 6360741 0.2376
8 6364215 6377038 0.0506
8 6565695 6568855 0.5306
8 6647309 6655988 0.1695
8 6657318 6661730 0.2132
8 6672511 6675919 0.1307
8 7136717 7182201 0.1788
8 7564669 7567730 0.2211
8 7741733 7748325 0.3086
8 7971478 7992100 0.2402
8 8001904 8007260 0.3665
8 8001904 8007260 0.1596
8 8424316 8425927 0.2433
8 8495959 8497654 0.1454
8 8498118 8499312 0.339
8 8499419 8502408 0.2496
8 8519939 8540860 0.3298
8 8680085 8688792 0.1827
8 9278187 9279904 0.1837
8 9507309 9514916 0.1273
8 10503534 10559194 0.1464
8 10775000 10780521 3.555
8 11368224 11373962 0.0606
8 11376567 11401655 0.0923
8 11460028 11488636 0.2069
8 11764463 11771444 0.1978
8 11792519 11801115 0.1641
8 12030003 12039117 0.1847
8 12452845 12462417 0.0859
8 12452845 12462417 0.1123
8 12491787 12515319 0.0407
8 12491787 12515319 0.0825
8 12491787 12515319 0.273
8 12491787 12515319 0.1726
8 12491787 12515319 0.302
8 12491787 12515319 0.083
8 12519822 12529347 0.1295
8 12519822 12529347 0.0741
8 12622780 12626032 0.2675
8 12626138 12633450 0.2194
8 12743498 12756721 0.0738
8 13126242 13251999 3.2757
8 13255573 13285202 0.2099
8 13397200 13402356 0.0868
8 13614287 13635116 0.262
8 14292465 14293697 0.2392
8 14348056 14365334 0.0699
8 14421114 14427943 0.1978
8 14441325 14443294 0.2057
8 14441325 14443294 0.5215
8 15017936 15018938 0.3731
8 15043273 15065072 0.1965
8 15070643 15090855 0.1484
8 15158424 15165942 0.1655
8 15158424 15165942 0.1867
8 15177443 15184869 0.0986
8 15233621 15236085 2.4371
8 15473521 15477139 2.4373
8 15990175 15995021 0.0903
8 16264982 16271033 0.1257
8 16626388 16635545 0.372
8 16685251 16688857 0.2214
8 16884700 16891515 0.2707
8 17206369 17210137 0.1759
8 17242910 17245367 0.3114
8 17282457 17286915 0.1073
8 17404861 17409667 0.1666
8 17438399 17443824 0.178
8 17443903 17450759 0.2266
8 17468885 17472470 0.1771
8 18047641 18053061 0.1254
8 18184425 18197819 0.6451
8 18433623 18438048 0.3889
8 18757229 18761036 0.288
8 19058633 19063046 0.1356
8 19098864 19105602 0.2312
8 19106719 19119924 0.1175
8 19106719 19119924 0.2433
8 19322257 19332604 NA
9 536211 537286 0.0666
9 593740 621162 0.2289
9 1362937 1373972 0.9173
9 1362937 1373972 0.2004
9 1416677 1419531 0.2086
9 1637586 1643693 0.1512
9 1712684 1715560 0.2031
9 1712684 1715560 0
9 1722509 1726582 0.2525
9 1738820 1741663 0.1139
9 1744946 1762062 0.24
9 3021294 3027525 0.2837
9 3150768 3161520 0.4367
9 3210036 3214271 0.0875
9 4423617 4442232 0.2893
9 4594592 4597964 0.2033
9 4632810 4635251 0.4156
9 4801025 4805201 0.1732
9 4852741 4874111 0.1722
9 4852741 4874111 0.1348
9 4859254 4872299 0.0684
9 4874660 4879492 0.1255
9 5136947 5143052 0.1571
9 5329208 5351732 0.5156
9 5364846 5375967 0.4026
9 5484650 5487425 0.5309
9 5558990 5568796 0.4478
9 5558990 5568796 0.39
9 5649105 5707283 0.2303
9 5968076 5979255 0.1877
9 5980256 5984968 3.1018
9 6047087 6054036 0.2748
9 6335797 6338984 0.1937
9 7484185 7497775 0.1337
9 7510635 7512234 0.1531
9 7548693 7573278 0.1986
9 8015408 8022401 0.1699
9 8032620 8045483 0.1728
9 8748508 8759696 0.091
9 8779606 8783209 0.1024
9 8795876 8802274 0.0678
9 8921190 8924491 2.7287
9 8925643 8951525 0.0985
9 9406133 9408467 0.3272
9 9526594 9555967 2.3874
9 9645774 9651002 0.2053
9 9738881 9747365 0.1026
9 9801277 9804719 0.1497
9 10171914 10174516 0.142
9 10226383 10235967 0.1485
9 10750399 10773769 0.2271
9 10923213 10926600 0.2117
9 10988528 10993687 0.1957
9 11006712 11023413 0.0674
9 11030049 11034021 0.0563
9 11112360 11139579 0.2531
9 11112360 11139579 0.1936
9 12257198 12269946 0.1378
9 12782664 12786527 0.1917
9 12786996 12790183 0.2847
9 12938360 12970109 0.1203
9 13131695 13177741 0.1247
9 13525392 13552433 0.1385
9 13630506 13635692 0.1967
9 13638390 13645762 0.1963
9 13766391 13766927 2.6737
9 13818011 13820909 0.2674
9 13821555 13845954 0.1571
9 13918918 13926279 0.1206
9 14166951 14195682 0.1499
9 14285973 14288913 0.1919
9 14423041 14427535 0.2068
9 14485223 14498944 0.3216
9 14623793 14644206 0.1542
9 14652548 14675692 0.1114
9 14690304 14693055 0.4105
9 14897127 14901274 0.159
9 15008347 15030250 0.1978
9 15095634 15101726 0.113
9 15131184 15161669 1.7303
9 15360041 15362554 0.2601
9 15397739 15401088 0.3898
9 15397739 15401088 0.1789
9 15436064 15445171 3.2394
9 15555142 15561768 0.1282
9 15583132 15592904 0.1827
9 15686246 15688504 0.0918
9 15841212 15851861 0.1843
9 16132219 16139281 0.1221
9 16144995 16154542 0.1914
9 16505863 16507955 0.4536
9 17306238 17312184 0.0898
9 17689001 17750587 0.1027
9 18503613 18508709 0.1473
9 18509572 18516846 0.5472
9 18509572 18516846 0.2468
9 18750403 18764160 0.0697
9 18921590 18923281 0.0411
9 19227997 19255407 0.0251
9 19281943 19288069 0.1823
9 19490169 19502321 0.2516
9 19538849 19544409 0.1452
9 19580935 19589991 0.6022
9 19651307 19670618 0.0978
9 19651307 19670618 0.189
9 19734083 19739224 0.1236
9 19884808 19889810 0.2564
9 19893839 19898085 0.2526
9 19948421 19955465 0.4506
9 19948421 19955465 0.5661
9 20153397 20159394 0.0667
9 20198840 20219835 0.1276
9 20232363 20239881 0.1555
10 482615 492778 0.3088
10 574901 576510 0.4645
10 1252132 1253742 0.2402
10 1265354 1365800 0.1896
10 1487400 1504988 0.2182
10 1545033 1548796 0.0334
10 1545033 1548796 0.0334
10 1557471 1561810 0.1815
10 1562124 1567375 0.3583
10 1567653 1571004 0.1157
10 1696901 1706009 0.1248
10 1861240 1873613 0.1305
10 2034216 2038495 0.2086
10 2070461 2073621 0.1996
10 2149890 2153084 0.2034
10 2149890 2153084 0.5834
10 2149890 2153084 0.2672
10 2163813 2169060 0.2993
10 2619509 2624121 0.2
10 3209724 3212592 0.4489
10 3209724 3212592 0.1099
10 4268000 4288302 0.1296
10 4437037 4445941 0.1242
10 4451534 4470299 2.4782
10 4487597 4490409 0.1582
10 4521465 4540223 0.1269
10 4561526 4564105 2.6612
10 4620701 4627957 0.1353
10 4774304 4775900 0.2514
10 5129342 5133262 0.4665
10 5147584 5149421 0.1051
10 5264307 5270721 0.0772
10 5264307 5270721 0.1519
10 5284445 5288169 0.1215
10 6104679 6110318 0.0877
10 6112546 6114066 0.2156
10 6253554 6261464 0.2366
10 6444050 6447473 0.3739
10 7118229 7119727 0.068
10 7178557 7197519 0.1768
10 7178557 7197519 0.1189
10 7374555 7393329 0.0959
10 7816031 7824206 0.2
10 7828917 7832779 0.1399
10 7913975 7917664 0.0564
10 8031788 8054653 0.097
10 8070766 8081991 0.1515
10 8123135 8126008 0.1307
10 8127998 8131930 0.4042
10 8148308 8164309 0.1591
10 8277775 8284421 0.1798
10 8666553 8677287 0.2796
10 8693774 8700829 0.2409
10 8693774 8700829 0.1906
10 8936931 9004586 0.1544
10 9025853 9053022 0.1009
10 9056192 9061284 0.2681
10 9062709 9064969 0.2374
10 9090342 9100195 0.1262
10 9261462 9277295 0.0885
10 9509713 9515132 0.1218
10 9970894 9986196 0.4827
10 10176356 10191087 0.1162
10 11295094 11298006 0.1225
10 11298795 11313897 0.1416
10 12194476 12197100 0.1286
10 12211844 12223510 0.1574
10 12578667 12611207 0.3202
10 12748846 12752179 0.0331
10 12905649 12927219 0.1434
10 12989692 12995742 0.2281
10 14037073 14039850 0.2044
10 14355695 14356838 0.0158
10 14658688 14660689 0.1856
10 14747980 14771097 99
10 14795391 14808405 0.2781
10 14812602 14836398 0.1744
10 14983618 14987412 0.2988
10 15061664 15063622 0.1686
10 15250780 15253079 0.2279
10 15258511 15263294 0.2202
10 15258511 15263294 0.3433
10 15339122 15345057 0.1955
10 15569301 15577775 0.2581
11 304385 321346 0.1894
11 365650 370335 0.2557
11 371315 375774 0.2522
11 457068 477644 0.2664
11 482609 486599 0.2064
11 562838 569808 0.1767
11 910083 929209 0.0981
11 910083 929209 0.1234
11 1336562 1344065 0.2219
11 1367307 1368932 1.3198
11 1445791 1449722 0.135
11 1946733 1961366 0.2542
11 2500678 2509221 0.1399
11 2515096 2516105 0.1916
11 2545371 2549174 0.1524
11 2545371 2549174 0.0502
11 2556158 2573436 0.2829
11 2604451 2609046 0.1806
11 3032992 3053762 0.1706
11 3032992 3053762 0.3396
11 3119347 3120283 0.1417
11 3126464 3129991 0.1921
11 3264826 3276357 0.3408
11 3316937 3324141 0.198
11 3392552 3398595 0.2171
11 3676680 3697946 0.4343
11 3743299 3749291 0.2433
11 3866666 3879239 0.9151
11 3901771 3906782 0.282
11 4053432 4056602 0.1542
11 4110066 4121736 0.1475
11 4260952 4268829 0.2047
11 4378241 4381177 0.0729
11 4500952 4505292 0.1405
11 4644106 4652298 0.3137
11 4780955 4785037 0.1735
11 4821557 4829034 0.1778
11 4833759 4856528 0.2347
11 4863732 4867753 0.0842
11 4904970 4913561 0.378
11 4938541 4943646 0.1091
11 4946345 4951950 0.1439
11 5208803 5214158 0.1543
11 5449613 5474517 0.2495
11 5771316 5781666 0.1375
11 6019137 6032077 0.3057
11 6349591 6352853 0.1418
11 6525698 6527698 0.2415
11 6575522 6596061 0.0366
11 6687403 6692798 0.1981
11 6687403 6692798 0.1755
11 7346387 7349024 0.2184
11 7691283 7715790 0.0868
11 7723974 7725582 0.1909
11 8105454 8118846 0.1851
11 8235033 8245999 0.0933
11 8255606 8258114 0.1689
11 8672924 8711836 0.1965
11 9110837 9119365 0.0657
11 9133797 9137743 0.0774
11 9133797 9137743 0.1932
11 9146269 9148275 0.2314
11 9227244 9237178 0.1528
11 9650421 9654080 0.1191
11 9675644 9679876 0.2413
11 9702533 9706961 0.1563
11 9794035 9795077 0.1326
11 9801103 9819980 0.1825
11 10220643 10222287 0.128
11 10229188 10233182 0.0577
11 10288852 10305287 0.122
11 10337075 10341613 0.3306
11 10410219 10420244 0.1515
11 10863169 10866280 0.1827
11 10917911 10920169 0.1878
11 10964757 10975006 0.117
11 11574199 11577407 0.1086
11 12495652 12504313 0.1095
11 12533938 12535079 0.1621
11 12581920 12588059 0.1067
11 12591975 12593838 0.2193
11 12709322 12713039 0.1275
11 12827394 12831883 0.3255
11 12855878 12858767 0.2018
11 13273176 13279635 0.2102
11 13410946 13415428 0.1187
11 13599032 13621582 0.189
11 13659406 13660115 0.5541
11 13661206 13661964 0.3022
11 13771948 13774024 0.1539
11 14479809 14481894 0.0984
11 14479809 14481894 0.1421
11 14485981 14489471 0.1539
11 14697731 14700708 0.4389
11 14789820 14792683 0.157
11 15397412 15405313 0.157
11 15397412 15405313 0.2719
11 15599192 15607334 0.1687
11 15603916 15606586 0.1851
11 15679042 15683814 0.5156
11 15679042 15683814 0.3153
11 15703559 15706139 0.025
11 15718986 15722215 0.0993
11 15871710 15880529 0.3687
11 15888751 15891806 0.5631
11 15909469 15915438 0.1359
11 15952246 15961744 0.3692
11 16069731 16072008 0.2787
11 16242289 16245264 0.3289
11 16246910 16248502 0.089
11 16274314 16279357 0.161
11 16357643 16365257 0.2022
11 16618918 16620576 1.3314
12 551681 554178 0.1552
12 579325 592952 1.6061
12 643966 647097 0.1112
12 764558 805765 0.1781
12 875642 881378 0.3558
12 1070156 1071411 0.2241
12 1413546 1418077 0.3029
12 1728508 1748339 0.4277
12 1976099 1984175 0.3687
12 2184473 2188227 0.1934
12 2184473 2188227 0.1968
12 2607678 2614561 0.3165
12 2696218 2707330 0.4456
12 2989140 2994242 0.2694
12 3021372 3029708 0.1985
12 3119131 3126084 0.3623
12 3696330 3729108 0.1239
12 3811770 3815986 0.2472
12 4071204 4077838 0.2476
12 4127844 4142884 0.1166
12 5323980 5327332 0.7418
12 5510690 5519710 0.4888
12 5592644 5603147 0.1448
12 5592644 5603147 0.1062
12 5645786 5668822 0.098
12 5782306 5786457 0.1439
12 5926461 5954528 0.0601
12 7185167 7188514 0.1471
12 7410065 7411659 0.1062
12 7417469 7419346 0.2405
12 7422027 7427579 0.1321
12 7547483 7551325 NA
12 7554584 7557902 0.0884
12 7565450 7570043 0.0386
12 7573896 7590952 0.1153
12 7778077 7826111 0.1341
12 7838228 7843306 0.2497
12 7861101 7863581 0.1879
12 7879999 7884630 0.1118
12 8667229 8673692 0.1264
12 8692466 8700303 0.1682
12 8923483 8966616 0.103
12 9114925 9116176 0.1682
12 9383158 9387873 0.1676
12 9389679 9395258 0.3191
12 9475785 9490702 0.2012
12 9682550 9696921 0.1115
12 9777368 9778303 0.0286
12 9887201 9894499 0.1654
12 9887201 9894499 0.159
12 9984650 9988025 0.0974
12 10081862 10084000 0.2441
12 10395675 10406024 0.2348
12 10446218 10452530 0.4112
12 10446218 10452530 0.8006
12 10563113 10595244 0.2573
12 10731068 10753422 0.2344
12 10763216 10767443 0.245
12 10786666 10789131 0.2319
12 10818673 10823101 0.2058
12 10877468 10913018 0.1319
12 10877468 10913018 0.0643
12 11007734 11014290 0.1854
12 11123251 11128216 0.2745
12 11221976 11246371 3.2595
12 11273360 11276126 0.1033
12 11322238 11327318 0.1389
12 11375385 11430574 0.2462
12 11745600 11761978 0.2264
12 11745600 11761978 0.1027
12 11745600 11761978 0.0354
12 11993025 11993992 0.1177
12 12383649 12396732 0.201
12 12426036 12431838 0.1886
12 12771425 12775389 0.1151
12 12779521 12792447 0.1354
12 12996899 13000505 0.1473
12 13140358 13147524 0.2017
12 13502887 13513230 0.1073
12 13763815 13771490 0.2214
12 13816157 13818427 0.0196
12 14341584 14343935 0.1043
12 14434553 14437672 0.1054
12 15125655 15129365 0.1466
12 15217608 15226408 4.2048
12 15285393 15289946 0.1
12 15302732 15306141 0.0949
12 15347888 15350881 0.1658
12 15406079 15410445 0.1885
12 15412702 15419563 0.0521
12 15510545 15517590 0.5476
12 15585214 15593664 0.0493
12 15595557 15596471 0.2576
12 15642194 15650010 0.1233
12 15736143 15738244 0.2401
12 15838946 15841141 0.1608
12 15864740 15870067 0.1942
12 16065891 16069610 0.2059
12 16098323 16103183 0.2418
12 16131435 16143846 0.1964
12 16628443 16636932 0.223
12 17646741 17649878 0.3815
12 18066534 18067182 0.3147
12 18067246 18070950 0.2566
12 18206113 18217710 0.1575
12 18312498 18336009 0.1924
13 126344 135373 0.1512
13 376255 378825 0.2406
13 410117 412479 0.1393
13 1503185 1508183 0.0606
13 1511820 1514356 0.1095
13 1521512 1524882 0.2004
13 1541870 1553679 0.2993
13 1628719 1652575 3.4304
13 1698458 1700689 0.2399
13 1790717 1792909 0.1427
13 2138053 2143038 0.3239
13 2167725 2172985 0.4646
13 2253853 2262412 0.1495
13 2467189 2481081 0.2168
13 2571887 2586452 0.0673
13 2571887 2586452 0.1615
13 3293081 3299848 0.185
13 3882476 3882790 0.3209
13 4085611 4089542 0.1512
13 4540225 4546008 0.3221
13 4540225 4546008 0
13 4563439 4568919 0.1748
13 4621043 4625012 0.2857
13 4868797 4886528 0.1778
13 5058574 5062693 0.0892
13 5131577 5133164 0.2138
13 5183880 5194070 0.2554
13 5183880 5194070 0.5721
13 5664488 5666670 0.2189
13 5664488 5666670 0.1152
13 6510030 6515180 0.2382
13 7168271 7179106 0.1275
13 7255421 7268300 0.1285
13 7376450 7395942 0.1369
13 7430208 7438904 0.1405
13 7445574 7465470 0.0896
13 8090214 8143641 0.1844
13 8149971 8161261 0.1202
13 8214141 8235691 0.3136
13 8357389 8363516 0.2205
13 8357389 8363516 0.1406
13 8403613 8404522 0.244
13 8423723 8426742 0.2145
13 8580753 8584189 0.2555
13 8643612 8660155 0.0954
13 8683680 8691483 0.1514
13 8794948 8798405 0.3394
13 8801453 8814368 0.7542
13 9249328 9255789 0.2096
13 9249328 9255789 0.1091
13 9262301 9268919 0.1439
13 9319417 9328255 0.2302
13 9337546 9342577 0.1701
13 9469514 9471795 0.1645
13 9664437 9667771 0.1836
13 9718538 9721176 0.2405
13 9851410 9877435 0.1518
13 9851410 9877435 0.1653
13 9880102 9881725 3.6099
13 9883549 9884993 0.04
13 9885898 9888547 0.1011
13 10265296 10266707 0.0357
13 10349815 10357626 0.1329
13 10982431 10988993 0.0478
13 11388153 11393539 0.0836
13 11925430 11929460 0.0897
13 12056151 12080196 0
13 12056151 12080196 0.2464
13 12092540 12093740 0.1485
13 12113077 12122518 0.0547
13 12321779 12331323 0.1017
13 12331769 12334921 0.1267
13 12893723 12896332 0.0784
13 12961346 12973709 0.163
13 12977894 12979739 0.1321
13 13147141 13149317 0.1254
13 13153474 13157574 0.096
13 13214559 13219956 0.1116
13 13228904 13237163 0.1284
13 13290215 13294920 0.1741
13 13339590 13344369 0.1552
13 13406394 13411810 2.4786
13 13440693 13443875 0.0652
13 13880401 13888437 0.1253
13 13880401 13888437 0.1027
13 14315394 14365566 3.1881
13 14691957 14694822 3.0331
13 14726718 14728947 0.1904
13 14760750 14765516 0.1115
13 14839208 14843645 2.2875
13 14932647 14937351 0.1508
13 15442577 15448352 0.0782
13 16093221 16101732 0.212
13 16265087 16271134 0.0703
13 16322982 16326119 0.3758
13 16435448 16438971 0.1296
13 16833471 16840533 0.2662
13 16842384 16848624 0.2442
13 16891181 16914564 0.1766
13 17249694 17262209 0.1614
13 17319364 17325641 0.2514
13 17328859 17335770 0.4857
13 17358480 17369171 0.5958
13 17388723 17392804 0.2404
13 17437664 17442146 0.192
13 17751281 17752628 0.2648
13 17900190 17901847 0.1409
13 18467819 18470470 0.1483
13 18853028 18865067 0.0524
13 18900636 18909337 3.1514
13 18963327 18976230 0.2247
13 18982291 18991865 0.2581
13 19003720 19035311 0.1771
13 19451240 19453659 0.1357
13 19762340 19764190 0.1694
13 19874116 19881489 0.2926
13 19918792 19921208 0.1261
13 19963487 19976413 0.2067
13 20074138 20082953 0.1671
14 55532 60061 0.2325
14 110310 116775 0.2019
14 150001 153466 0.164
14 382335 384327 0.1733
14 621360 624614 0.0707
14 628947 638274 0.1934
14 930941 938219 0.3816
14 1039442 1048452 0.2232
14 1222718 1239465 0.4007
14 1222718 1239465 0.2537
14 1323712 1326223 0.06
14 1639734 1643779 0.3547
14 1656999 1659360 0.3476
14 1876389 1878933 0.1067
14 2722606 2724804 0.1519
14 2926358 2929031 0.3754
14 3138466 3139400 0.1059
14 3153658 3156055 0.3341
14 3365899 3371406 0.1209
14 3365899 3371406 0.2092
14 3433582 3446130 0.2209
14 3544005 3556280 0.3357
14 3559058 3566316 0.1755
14 3620863 3626191 0.2251
14 3891465 3900912 0.1349
14 3954611 3985995 0.1305
14 3999374 4006176 0.4708
14 4009013 4012471 0.4881
14 4026346 4059771 0.2493
14 4067825 4082957 0.1264
14 4255243 4267071 0.2109
14 4460377 4463067 0.1688
14 4467956 4481693 0.2248
14 5388854 5394069 0.0912
14 5451900 5459029 0.1545
14 5473219 5476349 0.1808
14 5863978 5884806 0.2126
14 5933913 5937735 0.0236
14 5942027 5962495 0.251
14 6573597 6576506 0.2099
14 6610923 6621072 0.3297
14 6632521 6637283 0.1152
14 6839753 6841165 0.1629
14 6842184 6846924 0.1427
14 6953571 6959101 0.1516
14 6969603 6972066 0.1995
14 7161205 7171637 0.2152
14 7363179 7368645 0.2424
14 7696243 7721371 0.2044
14 7778802 7779871 0.1791
14 7780909 7787080 0.1609
14 7939259 7945978 0.3995
14 8002169 8015895 0.139
14 8160805 8178300 0.1508
14 8438713 8442367 0.1969
14 9291990 9298277 0.2437
14 10371247 10378853 0.2251
14 10388550 10398180 0.1542
14 11177748 11203838 0.0912
14 11304434 11333562 0.0079
14 11304434 11333562 0.0567
14 11383328 11397058 0.3566
14 11544745 11552499 0.6082
14 11572613 11587526 0.369
14 12852543 12864232 0.1328
14 13335249 13345139 0.2391
14 13335249 13345139 0.0898
14 13700784 13704111 0.1925
14 13841964 13846563 0.1509
14 14021776 14037860 0.2158
14 14163930 14167298 0.3013
14 14262825 14287122 0.1865
14 14398698 14411000 0.2476
14 14463741 14476505 0.3657
14 14486049 14489400 0.1246
14 14723894 14731587 0.1868
14 14819163 14829975 0.2876
14 14844868 14858298 0.0975
14 14959642 14966423 0.1981
14 14982279 15002965 0.2923
15 11666 15314 0.1991
15 43943 46207 0.1778
15 154971 159478 0.0771
15 161814 166972 0.1463
15 232002 262018 0.2877
15 320677 322321 0.11
15 330050 334625 0.2526
15 330050 334625 0.506
15 737531 742101 0.1215
15 855659 860847 0.0726
15 855659 860847 0.2227
15 885871 888827 0.228
15 1332094 1333967 0.2063
15 1396136 1402267 0.2173
15 1444644 1453495 0.5177
15 1466149 1473292 0.5063
15 1466149 1473292 0.4319
15 1515389 1521653 0.2591
15 1628452 1643542 0.1821
15 1678238 1682363 0.2163
15 1678238 1682363 0.1829
15 1689391 1695853 0.135
15 1695972 1700681 0.1507
15 1896821 1901101 0.7393
15 2331711 2342036 0.2988
15 2368176 2420656 0.2412
15 2861979 2870721 0.1655
15 2905071 2909919 0.2236
15 2944448 2955939 2.0318
15 3046295 3073134 0.2388
15 3520957 3524647 0.1507
15 3702227 3707282 0.1373
15 3752221 3753850 0.1656
15 4161690 4170611 0.1605
15 4311369 4312691 0.0438
15 4313005 4314429 0.1081
15 4314140 4316787 0.1836
15 4317320 4319984 0.1071
15 4324116 4332367 0.0851
15 4498799 4501435 0.271
15 4525771 4532792 0.0809
15 4744470 4745511 0.2389
15 4747430 4758465 3.6743
15 4787066 4788482 0.109
15 4827386 4829230 0.1965
15 5107248 5119193 0.1426
15 5380573 5382577 0.1661
15 5380573 5382577 0.0862
15 5387140 5389578 0.333
15 5612906 5630869 0.1051
15 5663314 5668148 0.061
15 5791248 5800725 0.0588
15 6112517 6117808 0.115
15 6112517 6117808 0.0864
15 6146115 6183986 3.0338
15 6225121 6260831 0.1394
15 6225121 6260831 0.1485
15 6263959 6265106 0.1007
15 6916496 6920989 0.1276
15 7080877 7083606 0.1784
15 7482606 7486604 0.2517
15 7582493 7587686 0.0997
15 7669664 7725769 0.0249
15 7989774 8000193 0.2264
15 8017534 8036323 0.1168
15 8017534 8036323 0.0804
15 8044259 8053031 0.1066
15 8165902 8185602 0.1247
15 8482240 8487597 0.1586
15 8490040 8494026 0.1155
15 8620399 8621544 0.1265
15 8718646 8729426 3.5906
15 9681766 9697500 0.2111
15 9744821 9745684 0.1328
15 9862819 9867105 0.1815
15 9922211 9925341 0.2736
15 10004185 10055919 0.2608
15 10147690 10155333 0.1024
15 10157125 10161268 0.0272
15 10608343 10624532 0.1194
15 10736296 10738868 0.1997
15 11014294 11021170 0.1287
15 11160757 11166032 0.1375
15 11435777 11437994 0.0637
15 11467509 11472959 0.0965
15 11548363 11552468 0.4504
15 11597914 11602976 0.1713
15 11726093 11735470 0.1667
15 11726093 11735470 0.1157
15 11740267 11769069 0.1478
15 11843665 11854564 0.1349
15 12139892 12145795 0.209
15 12166370 12172740 0.1253
15 12272793 12281815 0.1728
15 12326755 12345104 0.1091
15 13060866 13067214 0.14
15 13137630 13141737 0.1261
15 13137630 13141737 0.1286
15 13159759 13176517 0.0874
15 13181106 13187357 0.1417
15 14294463 14298317 0.1317
15 15574566 15596775 0.0945
15 15993115 16003712 0.3115
16 616969 622777 0.1105
16 1700437 1705166 0.2498
16 1700437 1705166 0.2282
16 2043747 2051139 0.1578
16 2221675 2225191 0.1731
16 2228340 2233472 0.2773
16 2305881 2311046 0.1379
16 2382385 2392869 0.1477
16 2490656 2493027 0.1499
16 2983131 2992261 0.123
16 3422401 3434905 0.132
16 3472330 3475445 0.0147
16 3540086 3541895 0.115
16 4108199 4112993 0.2134
16 6644647 6652798 0.1353
16 6681332 6693816 0.1537
16 6695574 6697643 0.261
16 6930069 6931444 0.1617
16 7245536 7266868 0.0933
16 7575143 7581994 0.1849
16 7582515 7590423 0.3053
16 7602009 7604638 0.1889
16 7605371 7608835 0.0374
16 7609985 7624960 0.0892
16 7725330 7735237 0.1205
16 7737186 7755172 0.2694
16 8226708 8242305 0.1645
16 8226708 8242305 0.2574
16 8480034 8495028 0.0932
16 9312215 9319829 0.1956
16 9573807 9590392 0.0594
16 9932089 9933721 0.1279
16 10133561 10151055 0.1714
16 10380150 10399056 0.361
16 10421757 10426064 0.137
16 10701925 10704351 0.1405
16 11169074 11170928 0.2569
16 11169074 11170928 0.2084
16 11587122 11591413 0.191
16 11594583 11626244 0.2821
16 11631340 11633958 0.174
16 11737286 11745581 0.1247
16 11749169 11755978 0.254
16 11973820 11992922 0.0981
16 12104002 12108701 0.1549
16 12129475 12136202 0.1304
16 12171434 12182321 0.3076
16 12223208 12236463 3.8151
16 13685855 13688314 0.137
16 13722051 13743318 2.8706
16 13745431 13747811 2.5401
16 13923149 13933994 0.1164
16 14075438 14081080 0.2937
16 14092977 14114066 0.156
16 14288131 14290745 0.2516
16 14344974 14348217 0.2525
16 14796897 14803472 0.1465
16 14963047 14964421 0.1301
16 14995861 15018552 1.9575
16 15802451 15811270 0.2451
16 15812548 15815897 0.1984
16 15884164 15886822 0.2037
16 16096538 16135784 1.5678
16 16216874 16224487 0.2123
16 16703992 16709286 0.2779
16 17256258 17262625 0.1887
16 17496458 17507672 0.1563
16 17508984 17513196 0.1628
16 17515531 17520899 0.1092
16 17666385 17669814 0.2158
16 17683488 17685770 0.2492
16 17770456 17775160 0.3563
16 17927940 17939340 0.2193
17 498097 500281 0.1518
17 805182 813396 0.1629
17 986235 989840 0.2342
17 1100095 1107153 0.3124
17 1121929 1127118 0.3687
17 1185307 1216398 0.2327
17 1373014 1374833 0.215
17 1381600 1385626 0.402
17 1405006 1408753 0.0444
17 1727763 1731775 2.909
17 1766119 1770015 0.253
17 1863609 1869407 0.2092
17 1908597 1911161 0.3277
17 2463207 2473416 0.385
17 2873238 2885900 0.3885
17 3012407 3014949 0.0943
17 3315253 3317996 0.4414
17 3437445 3438929 0.3137
17 3447975 3449426 3.8793
17 3494876 3498613 0.3884
17 3704985 3708788 0.2768
17 3715493 3747480 0.1858
17 3843199 3847380 0.2562
17 4139742 4148936 0.4334
17 4209732 4223464 0.1642
17 4757712 4767727 4.0063
17 5112878 5123495 0.1193
17 5460812 5469767 0.1062
17 5543384 5552020 0.0662
17 5753037 5758461 0.3011
17 5753037 5758461 0.2951
17 5838760 5875319 0.0906
17 5912952 5961420 0.1428
17 5974923 5990378 0.1283
17 6011722 6019549 0.0986
17 6150360 6195819 0.1202
17 6438095 6441488 0.1706
17 6977184 6980380 1.3001
17 7110642 7121974 0.1336
17 7110642 7121974 0.1119
17 7427411 7431428 0.1801
17 7433586 7485110 0.072
17 7871066 7874026 0.1296
17 7929609 7933200 5.0348
17 7940417 7942763 0.1462
17 7940417 7942763 0
17 8433654 8438637 0.2825
17 8468358 8473111 0.2666
17 8508767 8521934 0.0861
17 8554160 8569281 0.1533
17 8554160 8569281 0.1358
17 8676250 8728831 0.1269
17 9294270 9348234 0.1638
17 9574935 9579757 0.0828
17 9731457 9734766 0.1924
17 9741040 9747491 1.1068
17 9819139 9823424 0.1563
17 9837350 9843385 0.1269
17 9892261 9896218 0.0736
17 9937405 9946916 0.1096
17 9937405 9946916 0.1759
17 9949541 9951309 0.2308
17 9978814 9982965 0.154
17 10262746 10278516 0.1389
17 10282021 10292562 0.2129
17 10436955 10467078 0.2321
17 10600984 10612202 0.2384
17 10663782 10679365 0.1112
17 10713059 10721350 0.1877
17 10937344 10942701 0.1469
17 10995215 11001714 0.1495
17 11193409 11195975 0.1922
17 11401171 11413593 0.0337
17 11473718 11474616 0.1032
17 11474377 11482337 0.404
17 11632756 11638904 0.1638
17 11632756 11638904 0.1532
17 12102050 12111544 0.2026
17 12280129 12283355 0.0908
17 12349641 12352833 0.2286
17 12591450 12597934 0.6284
17 12630236 12641064 0.1546
17 12652011 12662065 0.1894
17 13104798 13130544 0.1601
17 14100397 14121542 0.1405
17 14179909 14232824 0.411
17 14527978 14531473 0.2954
18 114149 119486 0.1606
18 144678 154303 0.2703
18 286459 288638 0.3213
18 933854 935068 0.1702
18 967664 972041 0.1252
18 1200947 1224236 0.1057
18 1488667 1490560 0.3654
18 1504942 1509134 0.161
18 1504942 1509134 0.2592
18 1504942 1509134 0.1336
18 2009757 2017268 0.1133
18 2537071 2565520 0.2864
18 2567004 2572933 0.2562
18 2716474 2724863 0.2712
18 3113723 3122456 0.2515
18 3113723 3122456 0.2029
18 3113723 3122456 0.1695
18 3262716 3282550 0.2006
18 3262716 3282550 0.209
18 3329058 3369526 0.1198
18 3405136 3452337 0.5079
18 4624022 4628524 0.174
18 4669062 4680200 0.0665
18 5839377 5848964 0.2447
18 5981997 5995689 0.0972
18 6208085 6214478 0.1506
18 6341176 6347375 2.8653
18 6499487 6507467 0.484
18 6662680 6667663 0.1995
18 6670209 6673761 0.2805
18 6677639 6681515 0.2086
18 7487668 7489077 0.3384
18 8249747 8258621 0.1712
18 8260629 8359389 0.2264
18 8460149 8495869 0.0227
18 8720471 8723389 0.1766
18 8720471 8723389 0.2076
18 8730527 8734061 0.1757
18 8734085 8738959 0.1878
18 8805920 8812556 0.1514
18 9030924 9036703 0.4051
18 9030924 9036703 0.3048
18 9268505 9288381 0.0814
18 9292142 9294935 0.2934
18 9306376 9312540 0.1825
18 9330965 9346541 0.1309
18 9373083 9381760 0.0972
18 9387727 9394208 0.1651
18 9536709 9544618 0.1562
18 9577490 9600773 0.3238
18 9619758 9644067 0.1709
18 10089449 10099956 0.3992
18 10156732 10162876 0.2161
18 10166988 10171863 0.2312
18 10330806 10334727 0.1832
18 10504505 10513862 0.2092
18 10720846 10722482 0.89
18 10735070 10743338 0.2166
18 10851941 10855974 0.4582
18 10940768 10947132 0.24
18 10951525 10954300 0.1294
18 11087679 11103882 0.0597
18 11205612 11214370 0.1407
18 11589919 11605386 0.2423
18 11846808 11852323 0.3679
18 12563266 12564805 0.285
18 12654886 12659435 0.1473
18 12861584 12865003 0.161
18 13192821 13199107 0.1735
18 13630083 13632333 0.5023
18 13638248 13642046 0.5409
18 14040058 14044143 0.232
18 14203391 14223968 0.1164
18 14377148 14381631 0.0333
18 14404586 14411438 0.2517
18 14411780 14417516 0.1496
18 14511047 14517951 0.1228
18 14518550 14520102 0.1713
18 14983710 14985734 0.4419
18 15059228 15061479 0.4041
18 15100823 15107505 0.1586
18 15679131 15687746 0.0983
18 15692426 15698913 0.7452
18 15749137 15756286 0.1951
18 15765094 15768562 0.2133
18 15765094 15768562 0.1605
18 15784528 15789988 0.3912
18 15800515 15805626 0.4173
18 16010561 16010947 0.0572
18 16039446 16058389 NA
18 16059786 16062473 0.1409
18 16117812 16123246 0.1436
18 16170572 16176437 0.1156
19 558305 559672 0.4625
19 642422 645940 0.2933
19 652421 677591 0.2788
19 813197 842822 0.5204
19 813197 842822 0.5239
19 1019031 1027090 0.2065
19 1262591 1267022 0.2585
19 1409188 1425989 0.6051
19 1492048 1509256 0.2351
19 1759814 1779294 0.2756
19 1759814 1779294 0.0698
19 2306028 2316108 0.2406
19 2306028 2316108 0.1567
19 2412434 2445552 0.1792
19 2855350 2876544 0.1598
19 2904410 2927052 0.0915
19 2964606 2971963 0.1524
19 2979083 2984737 0.1216
19 3089843 3097504 0.3112
19 3108408 3114404 0.1818
19 4352925 4360035 0.1522
19 4372506 4378788 0.1027
19 4372506 4378788 0.3187
19 4625247 4628452 0.2099
19 4800938 4810644 0.3621
19 5234537 5263312 0.2222
19 5400324 5458809 0.2142
19 5819632 5865968 0.3297
19 6003905 6009158 0.1918
19 6183509 6191972 0.1582
19 6242361 6247553 0.2341
19 6242361 6247553 0.1611
19 6261268 6266460 3.7051
19 6555452 6559243 0.1646
19 6555452 6559243 0.1482
19 6848563 6852358 0.1915
19 6921327 6924109 0.0668
19 6928286 6932269 0.1593
19 7282809 7291237 0.12
19 7374591 7382394 0.1103
19 7391153 7393804 0.2273
19 7504978 7513587 0.2506
19 7580596 7597632 0.2131
19 7600648 7605874 0.5033
19 7654842 7656135 0.2692
19 7672986 7681248 0.1974
19 7721859 7723667 0.0954
19 7825248 7841880 0.2643
19 8017636 8020713 0.1263
19 8051632 8056492 0.4018
19 8174515 8181627 0.2558
19 8185564 8191063 0.1918
19 8457411 8459993 0.1916
19 8512308 8519905 0.1189
19 8747219 8759886 0.1099
19 8796392 8812071 0.192
19 8837368 8845492 0.1286
19 8855280 8863611 0.1917
19 8873691 8883814 0.208
19 8978568 8980207 0.2704
19 9481044 9498771 0.1774
19 9517063 9518962 0.3051
19 9607677 9637807 0.3653
19 10640525 10650421 0.1164
19 11180868 11191250 0.1049
19 11314522 11321227 0.1287
19 11357214 11372283 0.1639
19 11394729 11472962 0.13
19 11517961 11572275 0.1651
19 11737187 11741282 0
19 11757945 11763783 0.3354
19 11945509 11955675 0.5358
19 12097592 12103187 0.1337
19 12127399 12137182 3.1271
19 12408710 12416287 0.1658
19 13227769 13239445 0.2767
19 13263289 13269974 0.0974
19 13287163 13291582 0.0645
19 13757826 13762731 0.233
19 13764439 13771397 0.1909
19 14054023 14076705 0.0916
19 15000177 15007782 0.1453
19 15047037 15049709 0.22
19 15110439 15111429 0.2164
19 15111528 15129934 0.3271
19 15111528 15129934 0.2806
19 15117393 15127008 0.2303
19 15132156 15141744 0.1283
19 15155801 15161691 0.0823
19 15712132 15718077 0.2413
19 15723556 15727395 0.217
19 15731482 15746320 0.3156
19 15731482 15746320 0.309
19 16652222 16655887 0.1423
19 16666627 16669474 0.1515
19 16678191 16695164 0.1647
19 17528553 17534230 0.1982
19 17783540 17802972 1.5956
19 17834900 17838111 0.15
19 18634336 18638892 0.2024
19 18829581 18834592 0.1673
19 19516813 19526482 0.0662
19 19536249 19549862 0.2387
19 19552799 19558281 0.4766
19 19825554 19898011 0.1133
19 19940088 19949398 0.2041
19 19940088 19949398 0.1963
19 19982723 20002630 0.1707
19 20117286 20148868 0.1264
20 122265 126381 0.5521
20 419141 420760 0.1781
20 568369 573452 0.1274
20 629982 640598 0.2712
20 748110 750601 0.0979
20 754242 755023 0.1629
20 759236 760746 0.3008
20 762707 763550 0.9751
20 819864 824313 0.1506
20 1337880 1342818 0.0897
20 1344206 1355167 0.0468
20 1344206 1355167 0.0851
20 1458490 1460558 0.0762
20 1816042 1845968 0.1579
20 2073452 2081405 0.1768
20 2166609 2198955 0.1002
20 2199731 2204520 0.4042
20 2388119 2403978 0.1077
20 2553613 2579371 0.2081
20 2553613 2579371 0.0885
20 2589138 2594554 0.1721
20 2879791 2889333 0.2318
20 3265741 3273201 0.0526
20 3265741 3273201 0.1321
20 3528046 3544218 0.1721
20 3852599 3874950 0.1958
20 3999224 4049483 0.1227
20 4979148 4984892 0.0894
20 5115718 5118798 0.1909
20 5178644 5187010 0.294
20 5267357 5288282 0.1915
20 5362441 5375095 0.1595
20 5566021 5567034 0.3087
20 5602022 5606254 0.2589
20 5602022 5606254 0.0977
20 5668131 5691885 99
20 5696334 5703744 0.1177
20 5705002 5746913 0.1753
20 6912058 7072757 0.1399
20 7879606 7881037 0.2843
20 7885799 7891148 0.1264
20 8131363 8132271 0.2118
20 8145747 8158974 0.1882
20 8295078 8298941 0.1115
20 8915611 8916936 0.1988
20 8918291 8920012 0.208
20 8962606 8987449 0.1779
20 9202774 9208102 0.1457
20 9276661 9289490 0.1579
20 9297024 9303386 0.1342
20 9574479 9579171 0.1824
20 9627694 9632504 0.1526
20 9701652 9707437 0.1768
20 9814090 9816826 0.2806
20 9839418 9844087 0.1499
20 9887313 9892535 0.0661
20 9997333 10003135 NA
20 10080770 10083701 3.1466
20 10261386 10266895 0.085
20 10285002 10288820 0.0916
20 10543951 10546944 0.1165
20 10623780 10631946 0.2376
20 10651895 10660367 0.1955
20 10845416 10853328 0.1458
20 10864560 10876110 0.1482
20 11079417 11090132 0.1493
20 11262761 11265310 0.1212
20 11267261 11268450 0.1227
20 11268489 11284958 0.0965
20 11327480 11338816 0.2493
20 11384921 11393263 0.1186
20 11436663 11443266 0.3672
20 11492506 11500941 0.1222
20 11516936 11525446 0.0645
20 11526901 11530777 0.079
20 11581081 11589204 0.138
20 11592251 11605712 0.1521
20 11607545 11615807 0.0804
20 11607545 11615807 0.1602
20 11617676 11621478 0.2833
20 11641197 11645956 0.1899
20 11706006 11715744 0.1522
20 11722590 11726280 0.0736
20 11781413 11785564 0.1912
20 11928573 11932004 0.2888
20 11932237 11936397 0.1481
20 12120567 12123079 0.1812
20 12298843 12326454 0.2036
20 12327779 12330195 0.0056
20 12353295 12370630 0.1149
20 12353295 12370630 0.1408
20 12398370 12403235 0.119
20 12418040 12420081 0.0663
20 12418040 12420081 0.1362
20 12514612 12517550 0.1101
20 12578998 12584703 0.1912
20 12620832 12630510 0.1821
20 12620832 12630510 0.1256
20 12669788 12677898 0.1775
20 12903114 12907157 0.1588
20 12920832 12923373 1.3435
20 13363769 13368689 0.2872
20 13626490 13629746 0.137
20 14449322 14453349 0.4582
20 14965103 14970216 0.184
20 15507829 15514904 0.1471
20 15623294 15634613 0.0543
20 15642253 15646939 0.2794
20 15976804 15980796 0.2105
20 16307882 16329130 0.2876
20 16926113 16927065 0.202
20 16933533 16934003 0.2199
20 16944557 16951877 0.0353
20 17788444 17794023 0.2652
20 18040170 18052073 0.2966
20 18096960 18103666 0.1695
20 19015297 19023823 0.1686
21 795606 806190 3.2782
21 1887426 1894755 0.1813
21 1913768 1917133 0.199
21 2060331 2061963 0.0646
21 2152810 2178889 0.1474
21 3074470 3082081 0.1257
21 3093922 3100842 0.2205
21 3864931 3870038 0.1907
21 4578617 4586998 0.0789
21 4917563 4971561 0.0343
21 5563933 5565402 0.2698
21 5566443 5569736 0.1616
21 5653839 5689259 0.1121
21 5734019 5738065 0.2127
21 5734019 5738065 0.1711
21 5895782 5903328 0.2177
21 5980270 5988791 0.1639
21 5998568 6008658 0.1531
21 6013666 6017677 0.0766
21 6175595 6182961 0.2706
21 6289750 6291376 0
21 6579026 6642145 0.1817
21 6658948 6662180 0.1706
21 6903787 6909004 0.3868
21 7564026 7564669 0.1693
21 7589962 7592505 0.1614
21 7593074 7598419 0.0973
21 7605441 7613959 0.1726
21 7637346 7667969 0.074
21 7736424 7743329 0.1968
21 7897113 7908066 0.1151
21 7998529 8004383 0.1469
21 8263488 8269613 0.2462
21 8365368 8367504 0.0457
21 8675482 8684814 0.2299
21 8684952 8697445 0.1645
21 8925778 8930097 0.2961
21 9382886 9387516 0.2382
21 9461934 9465952 2.7743
21 9621052 9623783 0.3627
21 10006211 10011276 0.1321
21 10052192 10054687 0.3827
21 10089384 10096687 0.0717
21 10158030 10160349 0.0893
21 10348403 10354103 0.4084
21 10877380 10881590 0.3416
21 11006245 11014630 0.3925
21 11058258 11061418 0.2877
21 11402391 11413955 0.2376
21 11494158 11496788 0.1069
21 11688413 11693239 0.3918
