"lg" "pos1" "pos2" "ka"
1 65279 68049 0.0379
1 356280 359332 0.0047
1 422752 424954 0
1 452299 459852 0.0373
1 471859 472790 0.0817
1 511973 512935 0.0754
1 514072 517686 0.0256
1 548083 553305 0
1 853151 864471 0.0476
1 871940 888344 0.0624
1 940637 945583 0
1 992281 1011125 0.0966
1 1282804 1288222 0.0413
1 1885131 1888093 0.0363
1 1946323 1961483 0.0084
1 1971192 1973857 0.0031
1 2031473 2034226 0.3854
1 2218130 2220146 0.0604
1 3325760 3330237 0.0239
1 3340594 3345546 0
1 3352438 3368132 0.0693
1 4084568 4091343 0.0211
1 4118509 4121716 0.0152
1 4123737 4126346 0
1 4139700 4159247 0
1 4176012 4177785 0.047
1 4586161 4587852 0
1 4586161 4587852 0
1 4706529 4713986 0.0086
1 4792948 4798955 0.0093
1 5694625 5711351 0.0518
1 5731414 5748914 0.011
1 5944178 5955498 0.0234
1 6000726 6022255 0.0036
1 6368016 6374543 0.07
1 6642138 6717755 0.1309
1 7453665 7477359 0.0013
1 7534359 7547904 0.0031
1 7562563 7566990 0.0484
1 8397728 8403362 0.0215
1 8598220 8599405 0.0748
1 8655427 8664547 0
1 9246964 9263588 0.0107
1 9296870 9301292 0
1 9400751 9406312 0
1 9508614 9534420 0.0939
1 9560771 9569667 0.0045
1 9749862 9760409 0.0361
1 9998415 10002459 0.0263
1 10069916 10078479 0
1 10314860 10320421 0.0343
1 10510081 10530432 0.0205
1 10860067 10863090 0.8
1 10867279 10871441 0.0025
1 10989308 10993656 0
1 11344900 11377049 0.0092
1 11927310 11930245 0.051
1 12142333 12144354 0
1 12349179 12353000 0.0017
1 12409078 12411083 0.0171
1 12734935 12836723 0.0074
1 13228998 13231622 0.0124
1 13316994 13352960 0.0253
1 14115348 14175530 0.0108
1 14219642 14237938 0.017
1 14364430 14399824 0.0116
1 14464975 14465613 0.0111
1 14826603 14868822 0.0055
1 15021862 15023385 0.0521
1 15385521 15392799 0.0081
1 15672536 15680581 0.0181
1 15681236 15690867 0.0171
1 15879237 15887904 0
1 16588424 16592719 0.027
1 16588424 16592719 0.0336
1 16701544 16718918 0
1 16735802 16742699 0.0731
1 16773334 16777671 0.0079
1 16837280 16849253 0.4798
1 16852894 16897265 0.0236
1 16852894 16897265 0.0227
1 16949343 16985285 0.0095
1 17010466 17013973 0.0083
1 17445282 17450622 0.0018
1 18392058 18423914 0
1 18427135 18428284 0.0151
1 19014979 19017050 0.0623
1 19545312 19555426 0.1367
1 19754526 19779359 0.021
1 19897417 19919880 0.0308
1 20045431 20049670 0.0182
1 20075159 20084895 0.025
1 20161038 20166961 0.0858
1 20168495 20203699 0.0394
1 20584818 20596751 0.0065
1 20602952 20606237 0.0259
1 20605741 20608909 0
1 20820542 20824484 0.0497
1 20820542 20824484 0.1089
1 20921581 20927516 0.0296
1 21063176 21092565 0.0245
1 21099552 21104133 0.0212
1 21543442 21565537 0.0092
1 21589378 21596657 0.302
1 21699651 21730178 0.0177
1 21699651 21730178 0.0158
1 21699651 21730178 0.0045
1 21961734 21977124 0.0406
1 22023622 22036587 0.2904
1 22168200 22171306 0.0079
1 22177916 22183240 0.0063
1 22177916 22183240 0
1 22234348 22240770 0
1 22403687 22410614 0.0181
1 22403687 22410614 0.0059
1 22854032 22861463 0.0039
1 23118497 23122875 0.0335
1 23258559 23274380 0.006
1 23675848 23692437 0.1665
1 23730610 23734360 0.0111
1 24949671 24977691 0
1 25188783 25201127 0.0071
1 25484367 25487072 0.0581
1 25484367 25487072 0.058
1 25545113 25550186 0.0187
1 25562179 25563867 0
1 25571569 25595585 0
1 26724253 26735419 0.0098
1 26943450 26948639 0.0147
1 26943450 26948639 0.2355
1 26979595 26986537 0.0074
1 27174346 27200895 0.0541
1 27301630 27312271 0.0041
1 27336601 27339295 0.0082
1 27354000 27356848 0.0145
1 27446960 27451949 0.0517
1 27446960 27451949 0.0485
1 27452167 27468393 0.0379
1 27507092 27513914 0.3353
1 27514141 27518203 0.0441
1 27519218 27524787 0.0278
1 28148095 28157143 0.0109
2 197614 208944 0.0358
2 197614 208944 0.0101
2 208404 212181 0.0315
2 555934 560524 0.0493
2 909776 918786 0.0059
2 2319783 2325710 0
2 3432353 3465628 0.0071
2 4151913 4163692 0.0166
2 4499953 4527479 0
2 4687644 4712645 0.1859
2 5095509 5111066 0.0068
2 5274053 5289474 0.1506
2 5401930 5409409 0.006
2 5427953 5521857 0.0023
2 5663181 5664050 0.0404
2 5669451 5670158 0.0291
2 5753311 5760689 0.0329
2 5837267 5852720 0.0038
2 5868958 5878298 0.0058
2 6218344 6221725 0.0444
2 6248379 6254075 0.0134
2 6248379 6254075 0.0189
2 6254142 6263583 0.0494
2 6502186 6507763 0.0081
2 7374750 7417719 0.0161
2 7709432 7715812 0.0355
2 8546800 8561289 0.0368
2 8646351 8649168 0.0061
2 8646351 8649168 0
2 8651143 8652237 0.0516
2 8790724 8810598 0.0246
2 9043062 9051779 0.077
2 9116332 9139014 0.004
2 9204468 9207737 0.0141
2 9428833 9438117 0.0953
2 9716095 9718781 0.012
2 9756926 9765985 0
2 10100660 10114418 0.0118
2 10126536 10191562 0.0702
2 10247846 10255097 0.0052
2 10556049 10563252 0.0112
2 10570981 10573911 0.0634
2 11101817 11113827 0.0023
2 11156528 11166608 0.0028
2 11195298 11205427 0.0131
2 11208619 11242295 0.0423
2 11246365 11263230 0
2 11310523 11317108 0.0498
2 11486094 11493188 0.0459
2 11613372 11616719 0.0297
2 11641947 11646959 0
2 11722154 11730039 0.0066
2 11722154 11730039 0.0123
2 11794052 11818684 0.0194
2 11953016 11953596 0.0513
2 12011446 12015686 0.0049
2 12111558 12113883 0.0317
2 12593892 12606851 0
2 12728201 12750898 0.0141
2 12798371 12804397 0.0085
2 13354960 13361429 0.0236
2 13387601 13389773 0.0359
2 13433139 13446582 0.1533
2 13583174 13588458 0.0086
2 13766137 13772502 0.0222
2 13766137 13772502 0.0397
2 13830516 13837160 0.0258
2 14958597 14964917 0.015
2 14972131 14987084 0.0138
2 15258520 15263264 0.0027
2 15508707 15527513 0.0076
2 15546599 15556143 0.0242
2 15594443 15597613 0.0345
2 15611122 15638187 0
2 16344186 16345923 0.027
2 16530824 16543473 0.0039
2 16545907 16561468 0
2 17770795 17780544 0.0046
2 18050954 18082549 0.0382
2 18319192 18327379 0
2 18508654 18511010 0.0277
2 18508654 18511010 0.0401
2 18978832 18987772 0.0113
2 19161545 19179476 0.0901
2 19161545 19179476 0.1131
2 19609208 19617388 0.0429
2 19620980 19627251 0.0042
2 19628202 19633486 0.0509
2 19628202 19633486 0.024
2 21429969 21436380 0.0173
2 21783698 21793559 0.0108
2 21884353 21888743 0.0073
2 22032095 22033496 0.0026
2 22344481 22347368 0.0233
2 22344481 22347368 0
2 22369179 22372454 0.0071
2 22645723 22648447 0.0029
2 22662092 22672812 0.0095
2 22662092 22672812 0.0148
2 22996403 23017997 0.1453
3 61645 62006 0
3 67525 69733 0
3 639394 651698 0.0748
3 659228 681226 0.0094
3 686079 690205 0
3 686079 690205 0.0043
3 703525 708437 0.1245
3 815615 833164 0.0071
3 948765 953424 0
3 1446399 1449815 0.0054
3 1491421 1496838 0.0202
3 1584858 1598818 0.0135
3 1601834 1608377 0.0416
3 1601834 1608377 0.0777
3 1651826 1658273 0.0158
3 1651826 1658273 0.0133
3 1652723 1653751 0
3 2114207 2121278 0.0593
3 2756952 2758757 0.0468
3 2930749 2933747 0.0149
3 2976579 2982013 0.0073
3 3301256 3346169 0.0436
3 3914291 3917139 0.0917
3 4404854 4405859 0
3 4581095 4703290 0.0086
3 5080003 5084046 0.0411
3 5190441 5212962 0.0333
3 5578775 5596153 0.0118
3 5578775 5596153 0.03
3 5578775 5596153 0.0222
3 5866884 5872696 0.0403
3 5925218 5932467 0.0054
3 5925218 5932467 0.005
3 6049832 6063238 0.0447
3 6154751 6172107 0.0804
3 6657844 6658807 0.222
3 7108939 7139661 0.0228
3 7108939 7139661 0.0916
3 7202744 7209376 0.0061
3 7217340 7220245 0
3 7427682 7446663 0
3 7559943 7569122 0.1096
3 8009129 8017815 0.0159
3 8009129 8017815 0.0045
3 8228521 8241639 0.186
3 8246334 8249423 0.005
3 8459524 8461028 0.0031
3 8582456 8586301 0.0024
3 8857076 8860194 0.0053
3 8973992 8977937 0
3 8999015 9003369 0.5118
3 9036495 9039868 0.0222
3 9057179 9068211 0.0415
3 9367536 9370453 0.0062
3 9378475 9381561 0.0521
3 9402021 9405305 0.1779
3 9564767 9568355 0.0243
3 9677722 9687577 0.0067
3 9794901 9798464 0.0452
3 9805884 9807571 0.0178
3 9947686 9964147 0.0021
3 10056598 10062502 0.0627
3 10062736 10068969 0.1213
3 10114734 10119038 0.0032
3 10127740 10133623 0.0628
3 10283986 10298923 0.0331
3 10346412 10355074 0.2583
3 10646496 10648670 0.0021
3 10847282 10862925 0
3 10874901 10881618 0.0422
3 10950339 10953424 0.0436
3 10972825 10998567 0
3 11139076 11147173 0.0167
3 11211369 11222868 0.0396
3 11266272 11286371 0.0052
3 11461180 11467011 0.0194
3 11475625 11485366 0.0147
3 11833742 11836530 0.0604
3 11833742 11836530 0.0192
3 12263326 12266169 0.0096
3 12367900 12400959 0.0061
3 12420194 12426654 0.0076
3 12508327 12518247 0.0044
3 12808960 12812334 NA
3 12808960 12812334 0.0124
3 12909582 12925141 0.0057
3 12964158 12979929 0.0258
3 13313541 13317526 0.006
3 13414144 13422881 0.0079
3 13414144 13422881 0.0078
3 13432276 13434350 0.0089
3 13637117 13651738 0.0318
3 13672383 13693975 0.0072
3 13733804 13735972 0.0063
3 13910747 13912276 0.0575
3 14034859 14037288 0.0025
3 14147862 14154214 0.002
3 14147862 14154214 0.0113
3 14252482 14261760 0.0372
3 15167466 15170775 0.0131
3 15871199 15879067 0.0813
3 15879522 15889696 0
3 16092058 16098924 0.0162
3 16233544 16240384 0.0091
3 16340737 16348701 0.0047
3 16465506 16473530 0.0231
3 16727415 16733487 0.0265
4 36406 48625 0.0099
4 52404 57303 0.0341
4 62360 78815 0.042
4 166206 169934 0.0291
4 204213 205371 0.0201
4 306409 310477 0.0171
4 812078 814424 0
4 983296 986835 0.0028
4 1368026 1374881 0.1196
4 1429479 1436213 0.027
4 1788271 1792398 0
4 1788271 1792398 0.0287
4 1958013 1970369 0.0069
4 2044920 2048363 0.0058
4 2274383 2291325 0
4 2804460 2817712 0.0065
4 3512927 3533277 0
4 3811447 3818351 0.0262
4 3949848 3953099 0
4 4958777 4996893 0.0209
4 5025485 5026396 0.0588
4 5239852 5249268 0.022
4 5250116 5266364 0.0217
4 5444600 5449528 0
4 5465178 5469864 0
4 5656926 5700384 0
4 5656926 5700384 0.0018
4 5726916 5729912 0.0058
4 5736260 5741815 0.0155
4 5886034 5889741 0.5001
4 5886034 5889741 0.111
4 6059699 6062416 0.0045
4 6128331 6137952 0.0024
4 6433610 6434933 0.0323
4 6436434 6440360 0.0552
4 6637778 6644883 0.0102
4 6647526 6652078 0.0164
4 6667356 6670230 0.0487
4 6701110 6703657 0
4 6704968 6707433 0.0226
4 7480346 7482175 0
4 7935974 7942706 0.0094
4 8205476 8214826 0.0192
4 8369911 8376071 0.0279
4 9060971 9066262 0.0099
4 9188139 9197982 0
4 9213999 9216851 0
4 9213999 9216851 0
4 9284842 9299649 0.0574
4 9301783 9304461 0.0048
4 9387103 9394353 0.0181
4 9462684 9463736 0.0094
4 9760072 9818687 0.0262
4 9891646 9894039 0.0101
4 10011240 10014333 0.013
4 10229454 10232135 0.0139
4 10308234 10319145 0.0229
4 10320593 10328685 0.0027
4 10687390 10690122 0.0086
4 10953105 10958318 0.074
4 11075050 11077381 0.0435
4 11092615 11102092 0.0179
4 11277608 11284180 0.0426
4 11277608 11284180 0.0686
4 11369935 11375266 0.0106
4 11472856 11477288 0.0056
4 11472856 11477288 0
4 11522338 11536820 0.0086
4 11538994 11545411 0.0027
4 11684734 11693021 0.0258
4 11736941 11737642 0.0267
4 11746564 11751010 0.0032
4 11826390 11829208 0.0211
4 11854583 11862355 0.0076
4 12313008 12315929 0
4 12424107 12436050 0
4 12660845 12838539 0.0044
4 12700707 12768384 0.0202
4 12962154 12969566 0.0094
4 13220801 13248223 0.0555
4 13258735 13265652 0.0218
4 13399655 13402595 0.0751
4 13527626 13591025 0
4 13982895 13987174 0.0033
4 14058422 14069207 0.0172
4 15043955 15047549 0
4 15052253 15058258 0.0142
4 15062301 15064804 0.0115
4 15071091 15091831 0.0049
4 15190465 15198204 0.0298
4 15526994 15532191 0.2298
4 15719840 15725466 0.0174
4 15824416 15838639 0.0326
4 15954004 15959049 0.0334
4 16071855 16095734 0.0345
4 16164001 16171694 0.0092
4 16297039 16301643 0.0094
4 16533394 16548513 0.1697
4 16772040 16776220 0.0546
4 17450715 17455584 0.1621
4 17925840 17930213 0.0031
4 18488149 18495417 0.009
4 18543783 18547349 0.5844
4 18741714 18751286 0.0029
4 18828360 18832101 0.0659
4 19314830 19379883 0
4 19502772 19504901 0.0098
4 20374567 20407295 0
4 20917221 20932399 0
4 20945694 20956175 0.0121
4 21221532 21246568 0.0284
4 21262685 21271766 0.0076
4 22027107 22030588 0.0285
4 22551103 22579176 0.0461
4 23687033 23688966 0.0313
4 23806218 23810016 0.0679
4 23811090 23816322 0.1509
4 23864187 23890676 0.0162
4 23961613 23967201 0.0098
4 24520701 24530277 0.0075
4 24630021 24640628 0.0279
4 24957846 24971820 0.0371
4 25082914 25088724 0.0086
4 25789342 25800959 0.0146
4 25849279 25873712 0.0067
4 26021971 26033263 0.0083
4 26207852 26212571 0.0048
4 26250725 26269765 0.0173
4 26349154 26359682 0
4 26349154 26359682 0.0188
4 26375264 26387285 0.0189
4 28316948 28326061 0.0088
4 28378013 28403440 0.0303
4 28457178 28459966 0.0041
4 29560357 29567460 0.0038
4 30118637 30232386 0.2883
4 30411949 30419505 0
4 30481780 30482190 0.0182
4 30547378 30561073 0.0079
4 30597678 30600528 0.036
4 30901709 30906129 0.0145
4 30973669 30979069 0.0297
4 31017618 31022772 0.0118
4 31090663 31094886 0.0374
4 31271783 31278804 0
4 31515284 31530816 0.0179
4 31604014 31607594 0.2395
4 31608077 31608636 0.1028
4 31709728 31725250 0.0296
4 31771885 31775335 0
4 32098461 32108128 0.0154
4 32137226 32150243 0.1588
4 32236559 32240853 0.0125
4 32240950 32243596 0.0153
4 32364662 32371197 0.028
4 32379737 32384613 0.1114
4 32384728 32387831 0.0082
4 32488034 32538593 0.0312
4 32581142 32587104 0
4 32581142 32587104 0.0424
4 32590582 32593730 0.0107
4 32590582 32593730 0.0061
5 275506 294583 0.0213
5 786575 789652 0.0513
5 834469 835775 0.021
5 842100 847047 0.0182
5 1235261 1240713 0.0172
5 1280667 1289098 0.0143
5 1488301 1595530 0.0014
5 1746291 1792725 0
5 1856846 1875130 0
5 1889351 1897596 0
5 1948087 1960541 0.0035
5 1964805 1971970 0
5 2070676 2081595 0.0041
5 2083269 2085300 0.3779
5 2092529 2120943 0.0096
5 2092529 2120943 0
5 2239200 2246209 0.0102
5 2254186 2259462 0.0214
5 2529074 2539884 0.0065
5 3438514 3454716 0.0191
5 3960091 3962905 0.0282
5 4131759 4156082 0.0062
5 4765028 4781148 0.0441
5 4765028 4781148 0.0456
5 4919290 4923420 0.0367
5 5581534 5583308 0.0246
5 5992126 5999676 0.0044
5 6197315 6212262 0.1989
5 6835177 6843962 0.0119
5 7046532 7049808 0.0163
5 7046532 7049808 0.0128
5 8058949 8060987 0.0252
5 8061728 8074029 0.0074
5 8348655 8373662 0.0083
5 8794308 8796691 0.0397
5 9518126 9521094 0.0794
5 9593495 9596985 0
5 9634157 9637430 0.0749
5 9715934 9724579 0.0989
5 9729966 9739512 0.1011
5 9740351 9744541 0.0175
5 9752010 9753346 0.0894
5 9759868 9760821 0.01
5 9854759 9863173 0.0111
5 9942067 9963447 0
5 10321127 10325727 0.0147
5 10353937 10357125 0.0127
5 10425668 10426748 0.0233
5 10509715 10512933 0.009
5 10669071 10673105 0.0635
5 11374771 11375978 0
5 11376040 11380955 0
5 11376040 11380955 0.0336
5 11530314 11534646 0.0271
5 11544593 11550263 0.0194
5 11579931 11584815 0.0557
5 11771822 11778526 0.0111
5 12116420 12128789 0
5 12143018 12152536 0.0012
5 12199130 12200797 0.058
5 12199130 12200797 0.0323
5 12216057 12219723 0.2569
6 255380 298465 0.0511
6 341078 386283 0.0935
6 341078 386283 0.1143
6 498779 507522 0.0063
6 734075 746734 0.0269
6 933407 934265 0.2698
6 934292 937136 0.0219
6 938533 978442 0.2943
6 993318 996867 0
6 1139738 1140597 0.0792
6 1320205 1324886 0.0222
6 2275401 2286634 0.0043
6 2319890 2328619 0.0266
6 2548568 2553753 0.0437
6 2623392 2632513 0.0308
6 2860444 2863959 0
6 2946546 2951616 0.0169
6 3094294 3115753 0.0233
6 3165689 3200700 0.0034
6 3442409 3447586 0
6 3442409 3447586 0.0021
6 3639819 3643625 0.0356
6 3650932 3694163 0.007
6 3650932 3694163 0.0221
6 3971466 3979314 0.0045
6 4390950 4392855 0
6 4394224 4397054 0
6 4400114 4418230 0
6 4996563 4999091 0.1163
6 5204637 5226996 0.0111
6 5817187 5820331 0.0347
6 5820167 5821469 0.113
6 5842529 5847391 0.0107
6 5854317 5864318 0.0611
6 5884178 5891657 0.0159
6 6087120 6093868 0.0321
6 6106690 6131567 0.0123
6 6358824 6377941 0.0502
6 6892332 6912340 0
6 7197268 7241670 0.0067
6 7246960 7336430 0.017
6 7611306 7689548 0.0114
6 7870637 7876119 0.0691
6 7878617 7883397 0
6 7885169 7888713 0.0417
6 7939521 7946235 0.0131
6 8589742 8610356 0.0162
6 9279541 9284697 0.0125
6 9526215 9543887 0.0465
6 9801170 9806633 0.015
6 9862404 9866201 0.0068
6 10053208 10156710 0.0069
6 10053208 10156710 0
6 10410300 10415800 0.0104
6 10538527 10559377 0
6 10882412 10887130 0.0498
6 11660215 11671041 0.0018
6 11880472 11883962 0.0313
6 11910628 11918855 0.0055
6 12246869 12261484 0
6 12459328 12462277 0.0796
6 12537633 12538976 0.0744
6 13046769 13058774 0.0496
6 13072726 13085012 0.0221
6 13101787 13105046 0.0092
6 13221791 13226902 0.0369
6 13374118 13380352 0.0128
6 13382903 13423645 0.0233
6 13726559 13729505 0.1461
6 14206945 14208461 0.7113
6 14289079 14293110 0.1546
6 14576350 14579081 0.0255
6 14974759 14976817 0.1198
6 15393128 15395144 0
6 15521491 15543739 0.004
6 15646558 15650220 0.0084
6 15676414 15682739 0.0333
6 15716541 15719357 0.0203
6 16426626 16428862 0.0143
6 16590500 16621155 0.0881
6 16851410 16855413 0.0027
6 16856594 16862328 0.0609
6 16884436 17025590 0.0462
6 17034175 17043164 0.0196
6 17045314 17071390 0.01
6 17075680 17076923 0.0356
7 527975 532446 0.0255
7 533690 538270 0.0727
7 533690 538270 0.0309
7 533690 538270 0.0065
7 697432 702151 0.0034
7 727279 738131 0.0432
7 743933 744780 0.1628
7 1064732 1078246 0.0017
7 1441478 1444706 0.0314
7 1481900 1484089 0
7 1522987 1538754 0.0664
7 1755256 1766248 0.0375
7 2242556 2251311 0.0377
7 2255056 2257655 0.1409
7 2280760 2299174 0.0164
7 2420217 2422107 0.0398
7 2422683 2438993 0.015
7 2467974 2472162 0.0082
7 2558507 2561095 0.0071
7 2913582 2915531 0
7 2919952 2922970 0.0184
7 3076904 3080943 0.04
7 3160049 3162174 0.0654
7 3222487 3232052 0.0412
7 3993749 4000926 0.0636
7 4096748 4103575 0.0216
7 4193229 4195298 0.0471
7 4349526 4352347 0.0066
7 4922502 4924058 0.0119
7 5878944 5936345 0
7 5878944 5936345 0.0026
7 6100518 6112064 0.0109
7 6623513 6654186 0
7 6663776 6665467 0.0072
7 6666220 6667306 0
7 6668657 6676279 0.0151
7 6892710 6895859 0.0321
7 6949922 6960905 0.0043
7 7126457 7155993 0.0127
7 7239835 7431018 0.0058
7 7463600 7468791 0.0849
7 7491253 7493482 0
7 7496418 7498823 0.0303
7 7786266 7809439 0.027
7 7831193 7837026 0.0029
7 8116198 8127941 0.0671
7 8493116 8525881 0
7 8975875 8977495 0.2427
7 9408874 9410882 0.3044
7 10172053 10177087 0.0709
7 10172053 10177087 0.0188
7 10180846 10198706 0.0046
7 10341551 10347519 0
7 11107960 11117215 0.0451
7 11130068 11134155 0.0056
7 12647467 12650755 0.0312
7 13068148 13075642 0.0237
7 13275786 13290208 0.0012
7 13452421 13459982 0.0204
7 14103105 14106046 0.0823
7 14183650 14212680 0
7 14225069 14226886 0.0306
7 14793405 14819213 0.0049
7 14865123 14870596 0.0082
7 14996045 15000947 0
7 15050814 15055095 0.0071
7 15140992 15195847 0
7 15454238 15462511 0.0207
7 15839921 15844216 0.0913
7 15839921 15844216 0.0982
7 16342242 16366782 0.0081
7 16804232 16815940 0.1276
7 16896044 16899867 0.1837
7 16896044 16899867 0.0518
7 17237759 17250964 0.052
7 17536427 17538070 0.0361
7 17536427 17538070 0.0138
7 17555779 17574579 0.007
7 17672904 17677820 0.0131
7 17672904 17677820 0.0125
7 17672904 17677820 0.0529
7 17823824 17827313 0.0607
7 17823824 17827313 0.0311
7 17868985 17874965 0.0472
7 17880340 17881233 0.0759
7 17911856 17932197 0
7 17946329 17953886 0
7 18693247 18697244 0.0845
7 18962839 18965340 0
7 19014182 19021265 0.0146
7 19058006 19064550 0.0399
7 19070731 19075868 0.0532
7 19164790 19169107 0.0123
7 19376347 19380259 0.0463
7 19379916 19392471 0
7 19808277 19812190 0.004
7 19841149 19845845 0.0253
7 19862568 19864174 0.0499
7 19999571 20005838 0.0319
7 20054776 20129917 0
7 20248462 20250782 0.0582
7 20967953 20976871 0.0207
7 21312694 21317635 0.0033
7 21434983 21444290 0.0611
7 21446434 21456144 0.0493
7 21503236 21509438 0.0155
7 21503236 21509438 0.0154
7 21522295 21524784 0.0025
7 21531881 21533563 0.0137
7 21553234 21555368 0
7 21643034 21651293 0.0818
7 21643034 21651293 0.074
7 21727117 21733264 0.0341
7 21762041 21835045 0
7 21876769 21881377 0.019
7 22000566 22009910 0
7 22028152 22042272 0.0062
7 22228171 22230503 0.0096
7 22252070 22257290 0
7 22252070 22257290 0.0097
7 22391171 22393530 0.0036
7 22391171 22393530 0
7 22406697 22410320 0.0109
7 22638729 22659422 0.0068
7 22791029 22813599 0.0047
7 22978590 22995217 0.0042
7 23139706 23143482 0.0017
7 23962472 23988220 0.0019
7 24888611 24890784 0.0111
7 24888611 24890784 0.0117
7 24894073 24901097 0.0259
7 25210120 25215362 0.793
7 25236144 25242747 0.0052
7 25247236 25249898 0.0325
7 25558710 25575742 0.0089
7 26218780 26226964 0.0094
7 26257019 26258074 0.0164
7 26779300 26784677 0.0073
7 26931349 26939215 0
7 27201860 27205236 0.0512
7 27211276 27233809 0.0048
7 27596111 27599396 0
7 27758209 27772965 0.0052
7 27758209 27772965 0.0012
7 27777788 27779610 0
7 27777788 27779610 0
7 27905756 27917076 0.0099
8 1243896 1252978 0.0049
8 1637004 1643277 0
8 1947119 1949130 0.0252
8 2132916 2145512 0.0316
8 2340978 2344885 0.0157
8 2356295 2370131 0.0568
8 2751137 2756456 0.0232
8 3125646 3129121 0.033
8 3130255 3133238 0.0189
8 3139462 3144558 0.0087
8 3184387 3193250 0.0244
8 3253480 3280790 0.3669
8 4566579 4571023 0.0268
8 5057122 5059646 0.0764
8 5061230 5065590 0.0986
8 5068181 5071857 0.1735
8 5660047 5661351 0.014
8 5803165 5824796 0.1069
8 6002241 6009459 0.0109
8 6356136 6360741 0.0964
8 6364215 6377038 0
8 6565695 6568855 0.02
8 6647309 6655988 0.0414
8 6657318 6661730 0.0149
8 6672511 6675919 0.0733
8 7136717 7182201 0.0134
8 7564669 7567730 0.0173
8 7741733 7748325 0.0158
8 7971478 7992100 0.0395
8 8001904 8007260 0.0261
8 8001904 8007260 0.0076
8 8424316 8425927 0.0357
8 8495959 8497654 0.073
8 8498118 8499312 0.1076
8 8499419 8502408 0.1866
8 8519939 8540860 0.1363
8 8680085 8688792 0.0319
8 9278187 9279904 0
8 9507309 9514916 0.0177
8 10503534 10559194 0.0028
8 10775000 10780521 0.5801
8 11368224 11373962 0.0465
8 11376567 11401655 0.0178
8 11460028 11488636 0.0078
8 11764463 11771444 0.0114
8 11792519 11801115 0.0153
8 12030003 12039117 0.0464
8 12452845 12462417 0.0253
8 12452845 12462417 0.0319
8 12491787 12515319 0.0315
8 12491787 12515319 0.0522
8 12491787 12515319 0.0688
8 12491787 12515319 0.0496
8 12491787 12515319 0.0679
8 12491787 12515319 0.048
8 12519822 12529347 0.0495
8 12519822 12529347 0.0375
8 12622780 12626032 0
8 12626138 12633450 0
8 12743498 12756721 0.0258
8 13126242 13251999 0.6668
8 13255573 13285202 0.0569
8 13397200 13402356 0.026
8 13614287 13635116 0.1039
8 14292465 14293697 0.113
8 14348056 14365334 0.0048
8 14421114 14427943 0.0175
8 14441325 14443294 0.0207
8 14441325 14443294 0
8 15017936 15018938 0.0577
8 15043273 15065072 0
8 15070643 15090855 0.0086
8 15158424 15165942 0.04
8 15158424 15165942 0.0388
8 15177443 15184869 0.0682
8 15233621 15236085 0.192
8 15473521 15477139 0.1708
8 15990175 15995021 0.0211
8 16264982 16271033 0.006
8 16626388 16635545 0.087
8 16685251 16688857 0.0085
8 16884700 16891515 0.0019
8 17206369 17210137 0.072
8 17242910 17245367 0.0606
8 17282457 17286915 0.0199
8 17404861 17409667 0.0207
8 17438399 17443824 0.0191
8 17443903 17450759 0.007
8 17468885 17472470 0.0338
8 18047641 18053061 0
8 18184425 18197819 0.0294
8 18433623 18438048 0.0148
8 18757229 18761036 0.0149
8 19058633 19063046 0.0088
8 19098864 19105602 0.0426
8 19106719 19119924 0.0252
8 19106719 19119924 0.1728
8 19322257 19332604 NA
9 536211 537286 0.1349
9 593740 621162 0.0109
9 1362937 1373972 0.0097
9 1362937 1373972 0
9 1416677 1419531 0.0154
9 1637586 1643693 0.0658
9 1712684 1715560 0.0056
9 1712684 1715560 0.0139
9 1722509 1726582 0.0144
9 1738820 1741663 0.0087
9 1744946 1762062 0.0053
9 3021294 3027525 0.0489
9 3150768 3161520 0.1472
9 3210036 3214271 0.0759
9 4423617 4442232 0.0061
9 4594592 4597964 0
9 4632810 4635251 0.0173
9 4801025 4805201 0.0105
9 4852741 4874111 0.0335
9 4852741 4874111 0.0179
9 4859254 4872299 0.0205
9 4874660 4879492 0.0417
9 5136947 5143052 0.0065
9 5329208 5351732 0.0172
9 5364846 5375967 0
9 5484650 5487425 0.0309
9 5558990 5568796 0.0869
9 5558990 5568796 0.0288
9 5649105 5707283 0.0131
9 5968076 5979255 0.0054
9 5980256 5984968 0.6342
9 6047087 6054036 0.0578
9 6335797 6338984 0.0055
9 7484185 7497775 0.0418
9 7510635 7512234 0.1044
9 7548693 7573278 0.0024
9 8015408 8022401 0.0549
9 8032620 8045483 0.003
9 8748508 8759696 0
9 8779606 8783209 0.0038
9 8795876 8802274 0.0129
9 8921190 8924491 0.3748
9 8925643 8951525 0
9 9406133 9408467 0.0173
9 9526594 9555967 0.2629
9 9645774 9651002 0.0197
9 9738881 9747365 0.0082
9 9801277 9804719 0.0766
9 10171914 10174516 0.0275
9 10226383 10235967 0.0167
9 10750399 10773769 0.0092
9 10923213 10926600 0.0121
9 10988528 10993687 0.0077
9 11006712 11023413 0.0061
9 11030049 11034021 0.002
9 11112360 11139579 0.0049
9 11112360 11139579 0.0412
9 12257198 12269946 0.0068
9 12782664 12786527 0.1154
9 12786996 12790183 0.0386
9 12938360 12970109 0.0022
9 13131695 13177741 0
9 13525392 13552433 0.0156
9 13630506 13635692 0.0263
9 13638390 13645762 0.0106
9 13766391 13766927 0.2962
9 13818011 13820909 0.0518
9 13821555 13845954 0.0031
9 13918918 13926279 0.0067
9 14166951 14195682 0.082
9 14285973 14288913 0.0076
9 14423041 14427535 0.0342
9 14485223 14498944 0.0207
9 14623793 14644206 0.0882
9 14652548 14675692 0.067
9 14690304 14693055 0.001
9 14897127 14901274 0
9 15008347 15030250 0.0096
9 15095634 15101726 0
9 15131184 15161669 0.4932
9 15360041 15362554 0
9 15397739 15401088 0.0312
9 15397739 15401088 0
9 15436064 15445171 0.2984
9 15555142 15561768 0.0101
9 15583132 15592904 0.0507
9 15686246 15688504 0
9 15841212 15851861 0.0083
9 16132219 16139281 0.0225
9 16144995 16154542 0.0171
9 16505863 16507955 0.0533
9 17306238 17312184 0.0019
9 17689001 17750587 0
9 18503613 18508709 0.0039
9 18509572 18516846 0.014
9 18509572 18516846 0.0457
9 18750403 18764160 0
9 18921590 18923281 0.0156
9 19227997 19255407 0
9 19281943 19288069 0
9 19490169 19502321 0
9 19538849 19544409 0
9 19580935 19589991 0.0145
9 19651307 19670618 0.0386
9 19651307 19670618 0.0424
9 19734083 19739224 0.07
9 19884808 19889810 0.0159
9 19893839 19898085 0.0167
9 19948421 19955465 0.1387
9 19948421 19955465 0.0223
9 20153397 20159394 0
9 20198840 20219835 0.0118
9 20232363 20239881 0.0444
10 482615 492778 0.179
10 574901 576510 0.183
10 1252132 1253742 0.0207
10 1265354 1365800 0.0096
10 1487400 1504988 0.0042
10 1545033 1548796 0
10 1545033 1548796 0
10 1557471 1561810 0
10 1562124 1567375 0.0035
10 1567653 1571004 0.0097
10 1696901 1706009 0.0182
10 1861240 1873613 0.045
10 2034216 2038495 0.0182
10 2070461 2073621 0.0503
10 2149890 2153084 0.0177
10 2149890 2153084 0.0344
10 2149890 2153084 0.0297
10 2163813 2169060 0.0239
10 2619509 2624121 0.0185
10 3209724 3212592 0.0071
10 3209724 3212592 0
10 4268000 4288302 0.0098
10 4437037 4445941 0.018
10 4451534 4470299 0.0673
10 4487597 4490409 0.0447
10 4521465 4540223 0.0092
10 4561526 4564105 0.036
10 4620701 4627957 0.0035
10 4774304 4775900 0.0098
10 5129342 5133262 0.1604
10 5147584 5149421 0
10 5264307 5270721 0
10 5264307 5270721 0.0036
10 5284445 5288169 0
10 6104679 6110318 0.0033
10 6112546 6114066 0
10 6253554 6261464 0.0204
10 6444050 6447473 0.0242
10 7118229 7119727 0.002
10 7178557 7197519 0.0158
10 7178557 7197519 0.0284
10 7374555 7393329 0.0029
10 7816031 7824206 0
10 7828917 7832779 0.0178
10 7913975 7917664 0
10 8031788 8054653 0.0115
10 8070766 8081991 0.014
10 8123135 8126008 0.0083
10 8127998 8131930 0.0078
10 8148308 8164309 0
10 8277775 8284421 0.0097
10 8666553 8677287 0.0281
10 8693774 8700829 0
10 8693774 8700829 0
10 8936931 9004586 0.0285
10 9025853 9053022 0.0074
10 9056192 9061284 0.0116
10 9062709 9064969 0.1011
10 9090342 9100195 0.0053
10 9261462 9277295 0.0456
10 9509713 9515132 0.0071
10 9970894 9986196 0.0156
10 10176356 10191087 0
10 11295094 11298006 0.1461
10 11298795 11313897 0.0236
10 12194476 12197100 0
10 12211844 12223510 0
10 12578667 12611207 0.0208
10 12748846 12752179 0.0058
10 12905649 12927219 0
10 12989692 12995742 0.0419
10 14037073 14039850 0
10 14355695 14356838 0.0184
10 14658688 14660689 0.0694
10 14747980 14771097 0.5321
10 14795391 14808405 0.0481
10 14812602 14836398 0.0197
10 14983618 14987412 0.1929
10 15061664 15063622 0
10 15250780 15253079 0.1664
10 15258511 15263294 0.0063
10 15258511 15263294 0
10 15339122 15345057 0.0108
10 15569301 15577775 0.0172
11 304385 321346 0.0076
11 365650 370335 0.026
11 371315 375774 0.0097
11 457068 477644 0.017
11 482609 486599 0.0034
11 562838 569808 0.0214
11 910083 929209 0.0648
11 910083 929209 0.0038
11 1336562 1344065 0.0444
11 1367307 1368932 0.1354
11 1445791 1449722 0
11 1946733 1961366 0.0192
11 2500678 2509221 0.0338
11 2515096 2516105 0.0195
11 2545371 2549174 0.0054
11 2545371 2549174 0
11 2556158 2573436 0.0107
11 2604451 2609046 0
11 3032992 3053762 0.0038
11 3032992 3053762 0.0241
11 3119347 3120283 0.1622
11 3126464 3129991 0.0498
11 3264826 3276357 0.0299
11 3316937 3324141 0.0426
11 3392552 3398595 0.1144
11 3676680 3697946 0.0776
11 3743299 3749291 0.0124
11 3866666 3879239 0.0498
11 3901771 3906782 0.1085
11 4053432 4056602 0.0146
11 4110066 4121736 0.0103
11 4260952 4268829 0.0044
11 4378241 4381177 0.0653
11 4500952 4505292 0.0662
11 4644106 4652298 0.0136
11 4780955 4785037 0.0194
11 4821557 4829034 0.0243
11 4833759 4856528 0.0484
11 4863732 4867753 0.0011
11 4904970 4913561 0.1107
11 4938541 4943646 0.0055
11 4946345 4951950 0.0178
11 5208803 5214158 0.0382
11 5449613 5474517 0.0147
11 5771316 5781666 0.0049
11 6019137 6032077 0
11 6349591 6352853 0.0051
11 6525698 6527698 0.0024
11 6575522 6596061 0.0265
11 6687403 6692798 0.0283
11 6687403 6692798 0.0292
11 7346387 7349024 0.0373
11 7691283 7715790 0.0141
11 7723974 7725582 0.0919
11 8105454 8118846 0.037
11 8235033 8245999 0
11 8255606 8258114 0
11 8672924 8711836 0.0078
11 9110837 9119365 0.0123
11 9133797 9137743 0.0374
11 9133797 9137743 0.0481
11 9146269 9148275 0.097
11 9227244 9237178 0.0066
11 9650421 9654080 0.0704
11 9675644 9679876 0.1061
11 9702533 9706961 0.1034
11 9794035 9795077 0.0422
11 9801103 9819980 0.0131
11 10220643 10222287 0.136
11 10229188 10233182 0.0973
11 10288852 10305287 0.0136
11 10337075 10341613 0.1292
11 10410219 10420244 0
11 10863169 10866280 0.0072
11 10917911 10920169 0.0047
11 10964757 10975006 0.0107
11 11574199 11577407 0.0192
11 12495652 12504313 0.0145
11 12533938 12535079 0.0115
11 12581920 12588059 0.0147
11 12591975 12593838 0.0615
11 12709322 12713039 0.0027
11 12827394 12831883 0.0252
11 12855878 12858767 0.0091
11 13273176 13279635 0
11 13410946 13415428 0.0046
11 13599032 13621582 0.0011
11 13659406 13660115 0.0098
11 13661206 13661964 0.0618
11 13771948 13774024 0.0237
11 14479809 14481894 0.0104
11 14479809 14481894 0
11 14485981 14489471 0.0228
11 14697731 14700708 0.1115
11 14789820 14792683 0
11 15397412 15405313 0
11 15397412 15405313 0.0574
11 15599192 15607334 0.0026
11 15603916 15606586 0.0452
11 15679042 15683814 0.0326
11 15679042 15683814 0.0096
11 15703559 15706139 0.0054
11 15718986 15722215 0.0078
11 15871710 15880529 0.0031
11 15888751 15891806 0.2377
11 15909469 15915438 0
11 15952246 15961744 0.0093
11 16069731 16072008 0.1791
11 16242289 16245264 0.008
11 16246910 16248502 0
11 16274314 16279357 0.0112
11 16357643 16365257 0.0222
11 16618918 16620576 0.0444
12 551681 554178 0.0105
12 579325 592952 0.0479
12 643966 647097 0.0055
12 764558 805765 0.0331
12 875642 881378 0
12 1070156 1071411 0.031
12 1413546 1418077 0.0066
12 1728508 1748339 0
12 1976099 1984175 0.1216
12 2184473 2188227 0.1086
12 2184473 2188227 0.1315
12 2607678 2614561 0.0089
12 2696218 2707330 0.1443
12 2989140 2994242 0.0034
12 3021372 3029708 0.0109
12 3119131 3126084 0.004
12 3696330 3729108 0.0189
12 3811770 3815986 0.0679
12 4071204 4077838 0.0032
12 4127844 4142884 0.0137
12 5323980 5327332 0.1591
12 5510690 5519710 0.0213
12 5592644 5603147 0.0147
12 5592644 5603147 0.0244
12 5645786 5668822 0.0016
12 5782306 5786457 0.0064
12 5926461 5954528 0.0101
12 7185167 7188514 0.0365
12 7410065 7411659 0.0105
12 7417469 7419346 0.1156
12 7422027 7427579 0.0177
12 7547483 7551325 NA
12 7554584 7557902 0
12 7565450 7570043 0.0068
12 7573896 7590952 0.0036
12 7778077 7826111 0.0023
12 7838228 7843306 0.0527
12 7861101 7863581 0.005
12 7879999 7884630 0.01
12 8667229 8673692 0.0091
12 8692466 8700303 0.0054
12 8923483 8966616 0.0184
12 9114925 9116176 0.0269
12 9383158 9387873 0
12 9389679 9395258 0.0053
12 9475785 9490702 0.008
12 9682550 9696921 0.0216
12 9777368 9778303 0
12 9887201 9894499 0.0041
12 9887201 9894499 0.0012
12 9984650 9988025 0.0056
12 10081862 10084000 0.1091
12 10395675 10406024 0.0162
12 10446218 10452530 0.0037
12 10446218 10452530 0.1197
12 10563113 10595244 0.0279
12 10731068 10753422 0.002
12 10763216 10767443 0.0898
12 10786666 10789131 0
12 10818673 10823101 0.0098
12 10877468 10913018 0.0197
12 10877468 10913018 0
12 11007734 11014290 0.0527
12 11123251 11128216 0.0199
12 11221976 11246371 0.5446
12 11273360 11276126 0.0225
12 11322238 11327318 0.0268
12 11375385 11430574 0.0261
12 11745600 11761978 0.0168
12 11745600 11761978 0.0193
12 11745600 11761978 0.0115
12 11993025 11993992 0.0117
12 12383649 12396732 0.0096
12 12426036 12431838 0.0036
12 12771425 12775389 0.0816
12 12779521 12792447 0.01
12 12996899 13000505 0.0127
12 13140358 13147524 0.0077
12 13502887 13513230 0.0144
12 13763815 13771490 0.0054
12 13816157 13818427 0.0028
12 14341584 14343935 0.0088
12 14434553 14437672 0.0056
12 15125655 15129365 0.012
12 15217608 15226408 0.1185
12 15285393 15289946 0.0091
12 15302732 15306141 0.007
12 15347888 15350881 0.0104
12 15406079 15410445 0
12 15412702 15419563 0.0137
12 15510545 15517590 0.0641
12 15585214 15593664 0
12 15595557 15596471 0.009
12 15642194 15650010 0.0025
12 15736143 15738244 0.0223
12 15838946 15841141 0.0042
12 15864740 15870067 0.0993
12 16065891 16069610 0.0639
12 16098323 16103183 0.0029
12 16131435 16143846 0.0219
12 16628443 16636932 0.0309
12 17646741 17649878 0.0344
12 18066534 18067182 0.1429
12 18067246 18070950 0.0086
12 18206113 18217710 0.0146
12 18312498 18336009 0.0086
13 126344 135373 0.0329
13 376255 378825 0.0026
13 410117 412479 0.0024
13 1503185 1508183 0
13 1511820 1514356 0.0092
13 1521512 1524882 0.0047
13 1541870 1553679 0.0254
13 1628719 1652575 0.1233
13 1698458 1700689 0.0304
13 1790717 1792909 0.0078
13 2138053 2143038 0.0298
13 2167725 2172985 0.1073
13 2253853 2262412 0.0164
13 2467189 2481081 0.0043
13 2571887 2586452 0
13 2571887 2586452 0.0362
13 3293081 3299848 0.0651
13 3882476 3882790 0.0109
13 4085611 4089542 0.0124
13 4540225 4546008 0.0073
13 4540225 4546008 0.0473
13 4563439 4568919 0.0102
13 4621043 4625012 0.0293
13 4868797 4886528 0.014
13 5058574 5062693 8e-04
13 5131577 5133164 0.0351
13 5183880 5194070 0.005
13 5183880 5194070 0.0152
13 5664488 5666670 0.0286
13 5664488 5666670 0.0207
13 6510030 6515180 0.0227
13 7168271 7179106 0.0258
13 7255421 7268300 0
13 7376450 7395942 0.0187
13 7430208 7438904 0.0298
13 7445574 7465470 0.002
13 8090214 8143641 0.0054
13 8149971 8161261 0.0286
13 8214141 8235691 0.0145
13 8357389 8363516 0.0377
13 8357389 8363516 0.0304
13 8403613 8404522 0.0613
13 8423723 8426742 0.0031
13 8580753 8584189 0.0427
13 8643612 8660155 0
13 8683680 8691483 0.0031
13 8794948 8798405 0.0654
13 8801453 8814368 0.0309
13 9249328 9255789 0.032
13 9249328 9255789 0.0463
13 9262301 9268919 0.0023
13 9319417 9328255 0.0054
13 9337546 9342577 0.0204
13 9469514 9471795 0.0303
13 9664437 9667771 0.0167
13 9718538 9721176 0.0418
13 9851410 9877435 0.0281
13 9851410 9877435 0.0167
13 9880102 9881725 0.8627
13 9883549 9884993 0.0352
13 9885898 9888547 0.0264
13 10265296 10266707 0.0127
13 10349815 10357626 0.0093
13 10982431 10988993 0
13 11388153 11393539 0.0043
13 11925430 11929460 0
13 12056151 12080196 0
13 12056151 12080196 0.006
13 12092540 12093740 0.1361
13 12113077 12122518 0.0031
13 12321779 12331323 0
13 12331769 12334921 0
13 12893723 12896332 0.0147
13 12961346 12973709 0
13 12977894 12979739 0.0126
13 13147141 13149317 0.0554
13 13153474 13157574 0.036
13 13214559 13219956 0.0217
13 13228904 13237163 0.0275
13 13290215 13294920 0.0159
13 13339590 13344369 0.0159
13 13406394 13411810 0.1284
13 13440693 13443875 0.0027
13 13880401 13888437 0.0871
13 13880401 13888437 0.0468
13 14315394 14365566 0.357
13 14691957 14694822 0.5528
13 14726718 14728947 0.0197
13 14760750 14765516 0.0068
13 14839208 14843645 0.6681
13 14932647 14937351 0.0181
13 15442577 15448352 0.0036
13 16093221 16101732 0.0019
13 16265087 16271134 0.0016
13 16322982 16326119 0.0228
13 16435448 16438971 0
13 16833471 16840533 0.0205
13 16842384 16848624 0.0151
13 16891181 16914564 0.0116
13 17249694 17262209 0.0073
13 17319364 17325641 0.0265
13 17328859 17335770 0.059
13 17358480 17369171 0.164
13 17388723 17392804 0.0465
13 17437664 17442146 0.023
13 17751281 17752628 0.0104
13 17900190 17901847 0.0341
13 18467819 18470470 0.0203
13 18853028 18865067 0
13 18900636 18909337 0.2863
13 18963327 18976230 0.0022
13 18982291 18991865 0.0106
13 19003720 19035311 0.0219
13 19451240 19453659 0
13 19762340 19764190 0.0477
13 19874116 19881489 0.1105
13 19918792 19921208 0.0262
13 19963487 19976413 0.0114
13 20074138 20082953 0.0524
14 55532 60061 0.0308
14 110310 116775 0.0215
14 150001 153466 0.0309
14 382335 384327 0.0291
14 621360 624614 0.0292
14 628947 638274 0.0206
14 930941 938219 0.0216
14 1039442 1048452 0.0176
14 1222718 1239465 0
14 1222718 1239465 0.0181
14 1323712 1326223 0.0042
14 1639734 1643779 0.1312
14 1656999 1659360 0.01
14 1876389 1878933 0.004
14 2722606 2724804 0.0049
14 2926358 2929031 0.066
14 3138466 3139400 0.0294
14 3153658 3156055 0.0097
14 3365899 3371406 0.0212
14 3365899 3371406 0.0076
14 3433582 3446130 0.003
14 3544005 3556280 0.0274
14 3559058 3566316 0
14 3620863 3626191 0.0175
14 3891465 3900912 0.0179
14 3954611 3985995 0
14 3999374 4006176 0.0585
14 4009013 4012471 0
14 4026346 4059771 0.0104
14 4067825 4082957 0.0022
14 4255243 4267071 0.0051
14 4460377 4463067 0
14 4467956 4481693 0.0254
14 5388854 5394069 0.0033
14 5451900 5459029 0.0171
14 5473219 5476349 0.0309
14 5863978 5884806 0.0582
14 5933913 5937735 0.0034
14 5942027 5962495 0.0031
14 6573597 6576506 0.0029
14 6610923 6621072 0
14 6632521 6637283 0.031
14 6839753 6841165 0
14 6842184 6846924 0
14 6953571 6959101 0.0135
14 6969603 6972066 0.0289
14 7161205 7171637 0.0499
14 7363179 7368645 0.013
14 7696243 7721371 0.0082
14 7778802 7779871 0.0319
14 7780909 7787080 0.0323
14 7939259 7945978 0.0183
14 8002169 8015895 0.0075
14 8160805 8178300 0.0024
14 8438713 8442367 0.0061
14 9291990 9298277 0.011
14 10371247 10378853 0.0991
14 10388550 10398180 0.1419
14 11177748 11203838 0
14 11304434 11333562 0.0028
14 11304434 11333562 0
14 11383328 11397058 0.1426
14 11544745 11552499 0.0047
14 11572613 11587526 0.0237
14 12852543 12864232 0.0099
14 13335249 13345139 0.0065
14 13335249 13345139 0
14 13700784 13704111 0.0827
14 13841964 13846563 0
14 14021776 14037860 0.0243
14 14163930 14167298 0.0426
14 14262825 14287122 0.0018
14 14398698 14411000 0.0636
14 14463741 14476505 0.0968
14 14486049 14489400 0.0486
14 14723894 14731587 0.014
14 14819163 14829975 0.0846
14 14844868 14858298 0.0143
14 14959642 14966423 0.0456
14 14982279 15002965 0.006
15 11666 15314 0
15 43943 46207 0.09
15 154971 159478 0.0073
15 161814 166972 0.0194
15 232002 262018 0.1078
15 320677 322321 0.0189
15 330050 334625 0.0048
15 330050 334625 0.0491
15 737531 742101 0.0163
15 855659 860847 0.0081
15 855659 860847 0.0086
15 885871 888827 0.0061
15 1332094 1333967 0.0218
15 1396136 1402267 0.0196
15 1444644 1453495 0.0652
15 1466149 1473292 0.039
15 1466149 1473292 0.0304
15 1515389 1521653 0.0291
15 1628452 1643542 0.0188
15 1678238 1682363 0.0258
15 1678238 1682363 0.0056
15 1689391 1695853 0.0119
15 1695972 1700681 0.006
15 1896821 1901101 0.0376
15 2331711 2342036 0.0342
15 2368176 2420656 0.014
15 2861979 2870721 0.0133
15 2905071 2909919 0.0088
15 2944448 2955939 0.1835
15 3046295 3073134 0.0208
15 3520957 3524647 0.029
15 3702227 3707282 0.0573
15 3752221 3753850 0.0113
15 4161690 4170611 0.0503
15 4311369 4312691 0.0426
15 4313005 4314429 0.0504
15 4314140 4316787 0.0187
15 4317320 4319984 0
15 4324116 4332367 0.0101
15 4498799 4501435 0.0592
15 4525771 4532792 0
15 4744470 4745511 0.0055
15 4747430 4758465 0.1161
15 4787066 4788482 0.1853
15 4827386 4829230 0.0457
15 5107248 5119193 0.0283
15 5380573 5382577 0.0826
15 5380573 5382577 0.0293
15 5387140 5389578 0.0235
15 5612906 5630869 0
15 5663314 5668148 0.0038
15 5791248 5800725 0.0149
15 6112517 6117808 0.0268
15 6112517 6117808 0.0087
15 6146115 6183986 0.2456
15 6225121 6260831 0.0242
15 6225121 6260831 0
15 6263959 6265106 0.0034
15 6916496 6920989 0.0021
15 7080877 7083606 0.0107
15 7482606 7486604 0.0487
15 7582493 7587686 0.0098
15 7669664 7725769 0.0029
15 7989774 8000193 0.037
15 8017534 8036323 0.0049
15 8017534 8036323 0
15 8044259 8053031 0.0098
15 8165902 8185602 0.0134
15 8482240 8487597 0.0043
15 8490040 8494026 0.0048
15 8620399 8621544 0.0131
15 8718646 8729426 0.0109
15 9681766 9697500 0.0085
15 9744821 9745684 0
15 9862819 9867105 0.0251
15 9922211 9925341 0.0239
15 10004185 10055919 0.0152
15 10147690 10155333 0.0191
15 10157125 10161268 0
15 10608343 10624532 0.0118
15 10736296 10738868 0.0087
15 11014294 11021170 0.0048
15 11160757 11166032 0.0702
15 11435777 11437994 0
15 11467509 11472959 0.0191
15 11548363 11552468 0.0905
15 11597914 11602976 0.005
15 11726093 11735470 0.01
15 11726093 11735470 0.0035
15 11740267 11769069 0
15 11843665 11854564 0
15 12139892 12145795 0.0509
15 12166370 12172740 0.0021
15 12272793 12281815 0.0637
15 12326755 12345104 0.017
15 13060866 13067214 0.0294
15 13137630 13141737 0
15 13137630 13141737 0.025
15 13159759 13176517 0.0098
15 13181106 13187357 0.0082
15 14294463 14298317 0.016
15 15574566 15596775 0
15 15993115 16003712 0.0099
16 616969 622777 0.0057
16 1700437 1705166 0
16 1700437 1705166 0.0061
16 2043747 2051139 0.0097
16 2221675 2225191 0.084
16 2228340 2233472 0.0773
16 2305881 2311046 0.0092
16 2382385 2392869 0.0039
16 2490656 2493027 0.0224
16 2983131 2992261 0.0221
16 3422401 3434905 0.0445
16 3472330 3475445 0
16 3540086 3541895 0.0122
16 4108199 4112993 0.0336
16 6644647 6652798 0.0148
16 6681332 6693816 0.0289
16 6695574 6697643 0.0423
16 6930069 6931444 0.0211
16 7245536 7266868 0.0216
16 7575143 7581994 0.023
16 7582515 7590423 0.0424
16 7602009 7604638 0
16 7605371 7608835 0.0249
16 7609985 7624960 0.0161
16 7725330 7735237 0.0073
16 7737186 7755172 0
16 8226708 8242305 0.0227
16 8226708 8242305 0
16 8480034 8495028 0.0053
16 9312215 9319829 0.012
16 9573807 9590392 0.0128
16 9932089 9933721 0.014
16 10133561 10151055 0.0376
16 10380150 10399056 0.0315
16 10421757 10426064 0.0174
16 10701925 10704351 0.0162
16 11169074 11170928 0.0368
16 11169074 11170928 0
16 11587122 11591413 0
16 11594583 11626244 0.1268
16 11631340 11633958 0.016
16 11737286 11745581 0.0263
16 11749169 11755978 0.0182
16 11973820 11992922 0.0775
16 12104002 12108701 0.019
16 12129475 12136202 0.0273
16 12171434 12182321 0.0184
16 12223208 12236463 0.1876
16 13685855 13688314 0.0052
16 13722051 13743318 0.2008
16 13745431 13747811 0.1296
16 13923149 13933994 0.0165
16 14075438 14081080 0
16 14092977 14114066 0.0112
16 14288131 14290745 0.0546
16 14344974 14348217 0.0513
16 14796897 14803472 0
16 14963047 14964421 0.0202
16 14995861 15018552 0.2516
16 15802451 15811270 0.0584
16 15812548 15815897 0.0064
16 15884164 15886822 0.0078
16 16096538 16135784 0.0848
16 16216874 16224487 0.0138
16 16703992 16709286 0.0198
16 17256258 17262625 0.0371
16 17496458 17507672 6e-04
16 17508984 17513196 0.028
16 17515531 17520899 0
16 17666385 17669814 0.0081
16 17683488 17685770 0.0302
16 17770456 17775160 0.0134
16 17927940 17939340 0.042
17 498097 500281 0.0113
17 805182 813396 0.0047
17 986235 989840 0.0137
17 1100095 1107153 0.0085
17 1121929 1127118 0.0479
17 1185307 1216398 0.0075
17 1373014 1374833 0
17 1381600 1385626 0.052
17 1405006 1408753 0.0768
17 1727763 1731775 0.1872
17 1766119 1770015 0.034
17 1863609 1869407 0.0018
17 1908597 1911161 0.0082
17 2463207 2473416 0.0134
17 2873238 2885900 0.0431
17 3012407 3014949 0.0102
17 3315253 3317996 0.0164
17 3437445 3438929 0
17 3447975 3449426 0.075
17 3494876 3498613 0.0192
17 3704985 3708788 0.0033
17 3715493 3747480 0.0058
17 3843199 3847380 0.0093
17 4139742 4148936 0
17 4209732 4223464 0.0308
17 4757712 4767727 0.1196
17 5112878 5123495 0.0039
17 5460812 5469767 0.0116
17 5543384 5552020 0.0022
17 5753037 5758461 0.0509
17 5753037 5758461 0.0325
17 5838760 5875319 0.0331
17 5912952 5961420 0.0021
17 5974923 5990378 0.0047
17 6011722 6019549 0.0021
17 6150360 6195819 0.0232
17 6438095 6441488 0.0488
17 6977184 6980380 0.142
17 7110642 7121974 0.0054
17 7110642 7121974 0.0056
17 7427411 7431428 0.0085
17 7433586 7485110 0.0249
17 7871066 7874026 0.0113
17 7929609 7933200 0.5773
17 7940417 7942763 0.0084
17 7940417 7942763 0.0093
17 8433654 8438637 0.0209
17 8468358 8473111 0
17 8508767 8521934 0.0147
17 8554160 8569281 0.0741
17 8554160 8569281 0.0774
17 8676250 8728831 0.0467
17 9294270 9348234 0.0048
17 9574935 9579757 0.004
17 9731457 9734766 0.0713
17 9741040 9747491 0.2132
17 9819139 9823424 0.0064
17 9837350 9843385 0.0053
17 9892261 9896218 0
17 9937405 9946916 0.0032
17 9937405 9946916 0.0054
17 9949541 9951309 0
17 9978814 9982965 0
17 10262746 10278516 0.023
17 10282021 10292562 0.0669
17 10436955 10467078 0.0214
17 10600984 10612202 0.0027
17 10663782 10679365 0.0069
17 10713059 10721350 0.0316
17 10937344 10942701 0.0137
17 10995215 11001714 0.0119
17 11193409 11195975 0.0153
17 11401171 11413593 0
17 11473718 11474616 0.1177
17 11474377 11482337 0
17 11632756 11638904 0
17 11632756 11638904 0.002
17 12102050 12111544 0.0121
17 12280129 12283355 0
17 12349641 12352833 0.0028
17 12591450 12597934 0.2359
17 12630236 12641064 0.0109
17 12652011 12662065 0.0935
17 13104798 13130544 0.0665
17 14100397 14121542 0.0786
17 14179909 14232824 0.0053
17 14527978 14531473 0.0614
18 114149 119486 0.018
18 144678 154303 0.0058
18 286459 288638 0.008
18 933854 935068 0.0523
18 967664 972041 0.0963
18 1200947 1224236 0
18 1488667 1490560 0.0293
18 1504942 1509134 0.0162
18 1504942 1509134 0.0194
18 1504942 1509134 0.0378
18 2009757 2017268 0
18 2537071 2565520 0.0293
18 2567004 2572933 0.0078
18 2716474 2724863 0.0132
18 3113723 3122456 0.035
18 3113723 3122456 0.0629
18 3113723 3122456 0.0219
18 3262716 3282550 0.0109
18 3262716 3282550 0.0622
18 3329058 3369526 0.0194
18 3405136 3452337 0.1194
18 4624022 4628524 0.0718
18 4669062 4680200 0.0014
18 5839377 5848964 0.0206
18 5981997 5995689 0.0063
18 6208085 6214478 0.0149
18 6341176 6347375 0.1854
18 6499487 6507467 0.0553
18 6662680 6667663 0.047
18 6670209 6673761 0.104
18 6677639 6681515 0.0253
18 7487668 7489077 0.0098
18 8249747 8258621 0.028
18 8260629 8359389 0.0599
18 8460149 8495869 0
18 8720471 8723389 0.0125
18 8720471 8723389 0.0069
18 8730527 8734061 0.035
18 8734085 8738959 0.0021
18 8805920 8812556 0.0182
18 9030924 9036703 0.0313
18 9030924 9036703 0.0038
18 9268505 9288381 0.0155
18 9292142 9294935 0.0971
18 9306376 9312540 0.0242
18 9330965 9346541 0.0873
18 9373083 9381760 0
18 9387727 9394208 0.0041
18 9536709 9544618 0.0229
18 9577490 9600773 0.0194
18 9619758 9644067 0.006
18 10089449 10099956 0.0545
18 10156732 10162876 0.0063
18 10166988 10171863 0.0327
18 10330806 10334727 0.0216
18 10504505 10513862 0.027
18 10720846 10722482 0
18 10735070 10743338 0.0754
18 10851941 10855974 0.0053
18 10940768 10947132 0.0777
18 10951525 10954300 0
18 11087679 11103882 0.0121
18 11205612 11214370 0.0218
18 11589919 11605386 0.0097
18 11846808 11852323 0.0362
18 12563266 12564805 0.019
18 12654886 12659435 0.0044
18 12861584 12865003 0.0218
18 13192821 13199107 0.0055
18 13630083 13632333 0.0232
18 13638248 13642046 0.0378
18 14040058 14044143 0.0222
18 14203391 14223968 0.0157
18 14377148 14381631 0
18 14404586 14411438 0.0082
18 14411780 14417516 0.0373
18 14511047 14517951 0.0044
18 14518550 14520102 0.0132
18 14983710 14985734 0.0052
18 15059228 15061479 0.0407
18 15100823 15107505 0.0133
18 15679131 15687746 0
18 15692426 15698913 0.0257
18 15749137 15756286 0.0937
18 15765094 15768562 0.059
18 15765094 15768562 0.0581
18 15784528 15789988 0
18 15800515 15805626 0.0027
18 16010561 16010947 0.0349
18 16039446 16058389 NA
18 16059786 16062473 0.0472
18 16117812 16123246 0.0022
18 16170572 16176437 0.0148
19 558305 559672 0.0369
19 642422 645940 0.0065
19 652421 677591 0.0064
19 813197 842822 0.0523
19 813197 842822 0.0433
19 1019031 1027090 0.0338
19 1262591 1267022 0.0389
19 1409188 1425989 0.0383
19 1492048 1509256 0.0187
19 1759814 1779294 0
19 1759814 1779294 0.007
19 2306028 2316108 0.0323
19 2306028 2316108 0.0185
19 2412434 2445552 0.0058
19 2855350 2876544 0.0043
19 2904410 2927052 0.0047
19 2964606 2971963 0
19 2979083 2984737 0.0033
19 3089843 3097504 0.0136
19 3108408 3114404 0.0317
19 4352925 4360035 0.0182
19 4372506 4378788 0.0224
19 4372506 4378788 0.0044
19 4625247 4628452 0.0555
19 4800938 4810644 0.0098
19 5234537 5263312 0.0532
19 5400324 5458809 0.0059
19 5819632 5865968 0.0119
19 6003905 6009158 0.0474
19 6183509 6191972 0.0148
19 6242361 6247553 0.0115
19 6242361 6247553 0.0026
19 6261268 6266460 0.0445
19 6555452 6559243 0.0189
19 6555452 6559243 0.0033
19 6848563 6852358 0
19 6921327 6924109 0.0525
19 6928286 6932269 0.0487
19 7282809 7291237 0.0028
19 7374591 7382394 0.0071
19 7391153 7393804 0.0276
19 7504978 7513587 0.0066
19 7580596 7597632 0.0069
19 7600648 7605874 0.0655
19 7654842 7656135 0.1261
19 7672986 7681248 0.0548
19 7721859 7723667 0.0057
19 7825248 7841880 0.024
19 8017636 8020713 0
19 8051632 8056492 0.0517
19 8174515 8181627 0.0113
19 8185564 8191063 0.0155
19 8457411 8459993 0.0075
19 8512308 8519905 0.0189
19 8747219 8759886 0.0078
19 8796392 8812071 0.0264
19 8837368 8845492 0.0269
19 8855280 8863611 0.0105
19 8873691 8883814 0.0444
19 8978568 8980207 0.0294
19 9481044 9498771 0
19 9517063 9518962 0.0677
19 9607677 9637807 0.0348
19 10640525 10650421 0
19 11180868 11191250 0.0147
19 11314522 11321227 0.0107
19 11357214 11372283 0
19 11394729 11472962 0.0081
19 11517961 11572275 0.0302
19 11737187 11741282 0
19 11757945 11763783 0.0104
19 11945509 11955675 0.0158
19 12097592 12103187 0.006
19 12127399 12137182 0.2959
19 12408710 12416287 0.0285
19 13227769 13239445 0.0062
19 13263289 13269974 0.0071
19 13287163 13291582 0.0341
19 13757826 13762731 0.0304
19 13764439 13771397 0.013
19 14054023 14076705 0.0126
19 15000177 15007782 0.0056
19 15047037 15049709 0.0615
19 15110439 15111429 0.1085
19 15111528 15129934 0.0794
19 15111528 15129934 0.1103
19 15117393 15127008 0.1897
19 15132156 15141744 0.0282
19 15155801 15161691 0
19 15712132 15718077 0.0322
19 15723556 15727395 0.1246
19 15731482 15746320 0.0599
19 15731482 15746320 0.0652
19 16652222 16655887 0.0532
19 16666627 16669474 0.0228
19 16678191 16695164 0.033
19 17528553 17534230 0.0184
19 17783540 17802972 0.2455
19 17834900 17838111 0.0166
19 18634336 18638892 0.0589
19 18829581 18834592 0.0146
19 19516813 19526482 0
19 19536249 19549862 0.0198
19 19552799 19558281 0.0726
19 19825554 19898011 0
19 19940088 19949398 0.0628
19 19940088 19949398 0.0556
19 19982723 20002630 0.0142
19 20117286 20148868 0.0083
20 122265 126381 0.0398
20 419141 420760 0.0532
20 568369 573452 0.0589
20 629982 640598 0.0108
20 748110 750601 0.0269
20 754242 755023 0.0458
20 759236 760746 0.1222
20 762707 763550 0.0437
20 819864 824313 0.0248
20 1337880 1342818 0.002
20 1344206 1355167 0.0067
20 1344206 1355167 0.0082
20 1458490 1460558 0.0074
20 1816042 1845968 0.0106
20 2073452 2081405 0.0224
20 2166609 2198955 0
20 2199731 2204520 0.0045
20 2388119 2403978 0.0083
20 2553613 2579371 0.0041
20 2553613 2579371 0
20 2589138 2594554 0.017
20 2879791 2889333 0.0119
20 3265741 3273201 0.0102
20 3265741 3273201 0.03
20 3528046 3544218 0.0428
20 3852599 3874950 9e-04
20 3999224 4049483 0.0155
20 4979148 4984892 0.004
20 5115718 5118798 0.0145
20 5178644 5187010 0.021
20 5267357 5288282 0.0413
20 5362441 5375095 0.002
20 5566021 5567034 0.0062
20 5602022 5606254 0.0105
20 5602022 5606254 0.0092
20 5668131 5691885 0.1387
20 5696334 5703744 0.0044
20 5705002 5746913 0.0037
20 6912058 7072757 0.0045
20 7879606 7881037 0.1315
20 7885799 7891148 0.0513
20 8131363 8132271 0.0581
20 8145747 8158974 0.0029
20 8295078 8298941 0.011
20 8915611 8916936 0.0347
20 8918291 8920012 0.0281
20 8962606 8987449 0.0234
20 9202774 9208102 0
20 9276661 9289490 0.093
20 9297024 9303386 0.0017
20 9574479 9579171 0.0454
20 9627694 9632504 0.0331
20 9701652 9707437 0
20 9814090 9816826 0.0016
20 9839418 9844087 0.0364
20 9887313 9892535 0
20 9997333 10003135 NA
20 10080770 10083701 0.2636
20 10261386 10266895 0.0545
20 10285002 10288820 0.0106
20 10543951 10546944 0.0051
20 10623780 10631946 0.0623
20 10651895 10660367 0.0219
20 10845416 10853328 0.0445
20 10864560 10876110 0.0134
20 11079417 11090132 0.0182
20 11262761 11265310 0.0181
20 11267261 11268450 0.0853
20 11268489 11284958 0.0052
20 11327480 11338816 0.08
20 11384921 11393263 0.0091
20 11436663 11443266 0.0224
20 11492506 11500941 0
20 11516936 11525446 0
20 11526901 11530777 0.027
20 11581081 11589204 0.0032
20 11592251 11605712 0.0072
20 11607545 11615807 0.0087
20 11607545 11615807 0.0176
20 11617676 11621478 0.0062
20 11641197 11645956 0.0375
20 11706006 11715744 0.0617
20 11722590 11726280 0.0037
20 11781413 11785564 0.0101
20 11928573 11932004 0.0051
20 11932237 11936397 0.087
20 12120567 12123079 0
20 12298843 12326454 0.031
20 12327779 12330195 0.009
20 12353295 12370630 0.0146
20 12353295 12370630 0
20 12398370 12403235 0.0121
20 12418040 12420081 0
20 12418040 12420081 0
20 12514612 12517550 0.0159
20 12578998 12584703 0.0224
20 12620832 12630510 0.0174
20 12620832 12630510 0.0104
20 12669788 12677898 0.0427
20 12903114 12907157 0.0103
20 12920832 12923373 0.0218
20 13363769 13368689 0.1362
20 13626490 13629746 0.0152
20 14449322 14453349 0.0868
20 14965103 14970216 0.0569
20 15507829 15514904 0
20 15623294 15634613 0.0182
20 15642253 15646939 0.0083
20 15976804 15980796 0.1738
20 16307882 16329130 0.0662
20 16926113 16927065 0.0155
20 16933533 16934003 0.0139
20 16944557 16951877 0.0026
20 17788444 17794023 0.033
20 18040170 18052073 0
20 18096960 18103666 0.0244
20 19015297 19023823 0.0799
21 795606 806190 0.5576
21 1887426 1894755 0.0384
21 1913768 1917133 0.0167
21 2060331 2061963 0.0039
21 2152810 2178889 0.0101
21 3074470 3082081 0
21 3093922 3100842 0.0052
21 3864931 3870038 0.0171
21 4578617 4586998 0.0134
21 4917563 4971561 0.0049
21 5563933 5565402 0.0682
21 5566443 5569736 0.0533
21 5653839 5689259 0.0152
21 5734019 5738065 0.0182
21 5734019 5738065 0.0184
21 5895782 5903328 0.0117
21 5980270 5988791 0.057
21 5998568 6008658 0.0034
21 6013666 6017677 0.0032
21 6175595 6182961 0.0218
21 6289750 6291376 0.0088
21 6579026 6642145 0.0132
21 6658948 6662180 0.0179
21 6903787 6909004 0.1455
21 7564026 7564669 0.0501
21 7589962 7592505 0.0102
21 7593074 7598419 0
21 7605441 7613959 0.0076
21 7637346 7667969 0.0015
21 7736424 7743329 0.0137
21 7897113 7908066 0.0543
21 7998529 8004383 0.0107
21 8263488 8269613 0.0384
21 8365368 8367504 0
21 8675482 8684814 0.0237
21 8684952 8697445 0.017
21 8925778 8930097 0.0083
21 9382886 9387516 0.0065
21 9461934 9465952 0.1501
21 9621052 9623783 0
21 10006211 10011276 0
21 10052192 10054687 0.1007
21 10089384 10096687 0.0176
21 10158030 10160349 0.0035
21 10348403 10354103 0.0119
21 10877380 10881590 0.0102
21 11006245 11014630 0.1076
21 11058258 11061418 0.0098
21 11402391 11413955 0
21 11494158 11496788 0
21 11688413 11693239 0.0782
