"lg" "pos1" "pos2" "gen1" "gen2" "rate"
1 715798 983330 2e-07 0.7118561 2.660815301
1 983331 1236417 0.7118561 1.6659391 3.769782723
1 1236418 1330208 1.6659391 2.1626602 5.296042264
1 1330209 1391915 2.1626602 3.4076482 20.17579853
1 1391916 1464000 3.4076482 3.6214473 2.965930499
1 1464001 1911436 3.6214473 12.4296183 19.6858791
1 1911437 1913462 12.4296183 12.9301635 247.0608095
1 1913463 2092038 12.9301635 14.5022937 8.803703745
1 2092039 2169783 14.5022937 16.1879503 21.68186507
1 2169784 2363639 16.1879503 18.4431973 11.6336198
1 2363640 2544241 18.4431973 21.1405559 14.93537502
1 2544242 2551672 21.1405559 21.495669 47.78806352
1 2551673 2589721 21.495669 21.8509029 9.336221714
1 2589722 2659117 21.8509029 23.3412851 21.47648568
1 2659118 3037319 23.3412851 26.158783 7.449717082
1 3037320 3152276 26.158783 26.5140141 3.090121524
1 3152277 4319658 26.5140141 34.7876065 7.087305098
1 4319659 4335072 34.7876065 35.2134242 27.62538601
1 4335073 6301896 35.2134242 41.6702348 3.282861405
1 6301897 6550219 41.6702348 42.0430142 1.501187566
1 6550220 6596684 42.0430142 42.4066992 7.827074142
1 6596685 7132319 42.4066992 42.5883396 0.339112269
1 7132320 7469158 42.5883396 42.7658133 0.526879904
1 7469159 7604030 42.7658133 42.9432771 1.315794235
1 7604031 8131876 42.9432771 43.2985713 0.673102003
1 8131877 9598491 43.2985713 44.9087196 1.097867061
1 9598492 9945959 44.9087196 45.4421967 1.535327282
1 9945960 12991415 45.4421967 45.7974856 0.116661971
1 12991416 13376378 45.7974856 46.1527914 0.922960908
1 13376379 13833891 46.1527914 46.3302709 0.38792231
1 13833892 13973589 46.3302709 46.5077506 1.270452691
1 13973590 14598901 46.5077506 46.6852335 0.283830952
1 14598902 15464652 46.6852335 47.0405386 0.410401028
1 15464653 15819235 47.0405386 47.2180134 0.500516945
1 15819236 16469279 47.2180134 47.3954934 0.273027672
1 16469280 18081756 47.3954934 48.465832 0.663785344
1 18081757 19749589 48.465832 48.8211318 0.213030801
1 20035611 20094256 76.3128811 75.7336751 9.8763087
1 20094257 20406713 75.7336751 74.0886304 5.264867486
1 20406714 20727495 74.0886304 72.2038562 5.875560973
1 20727496 20739850 72.2038562 72.0264929 14.35558883
1 20739851 20798036 72.0264929 71.8490736 3.049175059
1 20798037 21023542 71.8490736 71.0352156 3.609030358
1 21023543 21255007 71.0352156 70.4257893 2.632909079
1 21255008 21424289 70.4257893 68.6368256 10.56794993
1 21424290 21460023 68.6368256 67.746361 24.91925337
1 21460024 21919654 67.746361 67.3911448 0.772829074
1 21919655 21954115 67.3911448 67.2136941 5.149319521
1 21954116 21974474 67.2136941 66.7994089 20.34899553
1 21974475 22033444 66.7994089 65.9681201 14.09680855
1 22033445 22053314 65.9681201 65.33884 31.66985908
1 22053315 22462553 65.33884 63.6460958 4.136321807
1 22462554 22534232 63.6460958 63.0685187 8.057828653
1 22534233 22707912 63.0685187 61.7616731 7.524444956
1 22707913 22871469 61.7616731 61.3293903 2.643010082
1 22871470 22935134 61.3293903 61.1519303 2.787402812
1 22935135 23065327 61.1519303 60.081711 8.220252241
1 23065328 23195601 60.081711 59.9042778 1.362000092
1 23195602 23357908 59.9042778 59.7267985 1.093479024
1 23357909 23376739 59.7267985 59.3352916 20.79055281
1 23376740 23499877 59.3352916 58.660221 5.482228069
1 23499878 23825248 58.660221 57.8073016 2.621374984
1 23825249 24135008 57.8073016 55.4304748 7.673123709
1 24135009 24593361 55.4304748 55.253102 0.386978595
1 24593362 24898852 55.253102 54.162251 3.570812233
1 24898853 24989686 54.162251 53.2913415 9.587924125
1 24989687 25143764 53.2913415 52.5791302 4.622407482
1 25143765 25662395 52.5791302 50.4232443 4.156878204
1 25662396 26510322 50.4232443 49.8897594 0.629163713
1 26510323 27013226 49.8897594 49.7122731 0.352922824
1 27866151 27955699 86.372553 85.8392392 5.955552826
1 27955700 28144937 85.8392392 84.9487378 4.705721895
2 1210852 2550239 5e-07 1.6095743 1.201723324
2 2550240 3126021 1.6095743 2.2771154 1.159364308
2 3126022 3210498 2.2771154 2.4986854 2.622844088
2 3210499 3515995 2.4986854 3.0320947 1.746037768
2 3515996 3675533 3.0320947 3.5654751 3.343281225
2 3675534 3762186 3.5654751 3.9500797 4.438445293
2 3762187 4000000 3.9500797 5.2401833 5.424842944
2 4000001 4351184 5.2401833 5.8817109 1.826756344
2 4351185 4523619 5.8817109 6.4150664 3.093081451
2 4523620 4743030 6.4150664 6.7702956 1.61901272
2 4743031 5344760 6.7702956 8.0194597 2.075954498
2 5344761 5395534 8.0194597 8.3746977 6.996454878
2 5395535 5633642 8.3746977 8.9080696 2.240041914
2 5633643 5665753 8.9080696 9.3026722 12.28870481
2 5665754 5772380 9.3026722 9.7628543 4.31581213
2 5772381 6050141 9.7628543 10.6874938 3.328903266
2 6050142 6075091 10.6874938 10.864922 7.111350701
2 6075092 6079146 10.864922 11.0422522 43.73124538
2 6079147 6833375 11.0422522 13.8628146 3.739663153
2 6833376 8314680 13.8628146 15.303894 0.972844485
2 8314681 8355644 15.303894 15.528742 5.488917098
2 8355645 8529365 15.528742 16.4193861 5.126864916
2 8529366 8595835 16.4193861 16.5080142 1.333354897
2 8595836 8602012 16.5080142 16.5967259 14.36161567
2 8602013 8680760 16.5967259 16.7741874 2.253536598
2 8680761 8753413 16.7741874 17.129439 4.889703109
2 8753414 9355423 17.129439 17.8412504 1.182391322
2 9355424 9790003 17.8412504 19.4311535 3.658481983
2 9790004 10052990 19.4311535 19.5295316 0.374079707
2 10052991 10146053 19.5295316 19.6277472 1.055366795
2 10146054 10413469 19.6277472 19.8052152 0.663640171
2 10413470 10641127 19.8052152 20.1604667 1.560461306
2 10641128 11143793 20.1604667 20.3379226 0.353029447
2 11143794 11407651 20.3379226 20.6931787 1.346391241
2 11407652 11698397 20.6931787 21.0484212 1.221831083
2 11698398 13352341 21.0484212 21.2258831 0.107296196
2 13352342 13491924 21.2258831 21.4033356 1.271304528
2 13491925 13803475 21.4033356 21.7585872 1.140267886
2 13803476 14179562 21.7585872 21.93605 0.47186635
2 14179563 14740149 21.93605 22.4694101 0.951431446
2 14740150 15452289 22.4694101 22.6468526 0.249168001
2 15452290 15651698 22.6468526 22.8242963 0.889848001
2 15651699 16326332 22.8242963 23.3575371 0.790414951
2 16326333 17811660 23.3575371 26.4128426 2.056990443
2 17811661 17898053 26.4128426 26.6001639 2.16824627
2 17898054 17927279 26.6001639 26.7776193 6.071833299
2 17927280 18007864 26.7776193 27.1328828 4.408556183
2 18007865 18021346 27.1328828 27.5199359 28.7088785
2 18021347 18693726 27.5199359 33.3015202 8.598685713
2 18693727 18750056 33.3015202 33.8958112 10.55016865
2 18750057 18777732 33.8958112 34.0732511 6.411327504
2 18777733 18800290 34.0732511 34.4875815 18.36733753
2 18800291 18930998 34.4875815 35.3190904 6.361576185
2 18930999 19208761 35.3190904 37.4502732 7.672666266
2 19208762 19536785 37.4502732 41.7124432 12.99346999
2 19536786 19830389 41.7124432 44.5565171 9.686768232
2 19830390 20012559 44.5565171 46.9959207 13.39080859
2 20012560 20126065 46.9959207 48.3075732 11.55579881
2 20126066 20198343 48.3075732 49.0862914 10.77393121
2 20198344 20297049 49.0862914 50.9333594 18.71282394
2 20297050 20871566 50.9333594 57.6327093 11.66083841
2 20871567 20955834 57.6327093 57.8142656 2.154510609
2 20955835 21017516 57.8142656 58.1986475 6.231670504
2 21017517 21206815 58.1986475 59.9450217 9.225480325
2 21206816 21213734 59.9450217 60.1369055 27.73288047
2 21213735 21245472 60.1369055 60.9012632 24.08336064
2 21245473 21361230 60.9012632 62.7264969 15.76766789
2 21361231 21564554 62.7264969 63.3526156 3.079413645
2 21564555 21696833 63.3526156 63.9623956 4.609802009
2 21696834 21814245 63.9623956 64.7768075 6.936359997
2 21814246 21963567 64.7768075 65.3102895 3.572695249
2 21963568 21999411 65.3102895 65.8437855 14.88382993
2 21999412 22061012 65.8437855 66.3773099 8.660969789
2 22061013 22116617 66.3773099 66.5547637 3.191328118
2 22116618 22149462 66.5547637 66.9100875 10.81820064
2 22149463 22157165 66.9100875 67.2616799 45.64356744
3 689236 947277 0 1.1254999 4.36169267
3 947278 1199651 1.1254999 2.5256514 5.547922924
3 1199652 1653088 2.5256514 4.323577 3.965105627
3 1653089 1675886 4.323577 4.7782309 19.94270989
3 1675887 1878154 4.7782309 5.347115 2.81252645
3 1878155 2035076 5.347115 6.0586395 4.534255872
3 2035077 2289378 6.0586395 6.9487495 3.500208414
3 2289379 3898235 6.9487495 7.9872612 0.645496585
3 3898236 5214420 7.9872612 9.4458586 1.108200899
3 5214421 5263777 9.4458586 9.6232417 3.593879288
3 5263778 5585737 9.6232417 9.9784299 1.103205988
3 5585738 5890766 9.9784299 10.1558804 0.581749604
3 5890767 5991257 10.1558804 10.3333307 1.765832761
3 5991258 6734210 10.3333307 11.0449481 0.957822904
3 6734211 6810396 11.0449481 11.4001724 4.662592865
3 6810397 6994046 11.4001724 11.5775901 0.966064253
3 6994047 7498749 11.5775901 12.3360915 1.502866835
3 7498750 8515948 12.3360915 14.438952 2.067304923
3 8515949 8718045 14.438952 14.6163968 0.878017981
3 8718046 8808333 14.6163968 14.9716031 3.934147395
3 8808334 9127833 14.9716031 15.5048519 1.669010329
3 9127834 9608043 15.5048519 16.0380917 1.110430437
3 9608044 9871896 16.0380917 16.3932935 1.346210958
3 9871897 10195259 16.3932935 16.7484954 1.098461791
3 10195260 10388336 16.7484954 17.1037031 1.839720422
3 10388337 10492594 17.1037031 17.3401719 2.2681118
3 10492595 10789069 17.3401719 17.8142128 1.598923687
3 10789070 10901717 17.8142128 18.5258607 6.317448157
3 10901718 11137604 18.5258607 18.8810536 1.505775647
3 11137605 11311266 18.8810536 19.0726888 1.103495295
3 11311267 12505929 19.0726888 21.224804 1.801441243
3 12505930 12891582 21.224804 23.0312842 4.684211454
3 12891583 13014992 23.0312842 23.7093514 5.494426708
3 13014993 13197286 23.7093514 23.8949217 1.017972616
3 13197287 13964816 23.8949217 30.2050165 8.221300535
3 13964817 14416367 30.2050165 32.3797902 4.816230503
3 14416368 14525075 32.3797902 33.474324 10.06856717
3 14525076 14693503 33.474324 35.4982273 12.01643017
3 14693504 14877319 35.4982273 38.7408445 17.64056013
3 14877320 15014394 38.7408445 39.9175386 8.58430859
3 15014395 15272237 39.9175386 40.700164 3.035278832
3 15272238 15812848 40.700164 41.8739063 2.171140247
3 15812849 15869592 41.8739063 42.4270616 9.748260609
3 15869593 15892690 42.4270616 42.7169011 12.54825093
3 15892691 16335987 42.7169011 47.7498077 11.35335136
4 570693 1090515 2e-07 1.4287318 2.748496315
4 1090516 1372198 1.4287318 4.3023624 10.20164724
4 1372199 1416215 4.3023624 5.1709499 19.73300089
4 1416216 1710912 5.1709499 5.9118813 2.514214261
4 1710913 1840361 5.9118813 6.1185494 1.59652141
4 1840362 1944600 6.1185494 7.1586405 9.977945874
4 1944601 2337600 7.1586405 10.2470594 7.858572265
4 2337601 2344100 10.2470594 10.6567421 63.02810769
4 2344101 3183661 10.6567421 19.6266905 10.68409371
4 3183662 3541899 19.6266905 22.3937189 7.723994663
4 3541900 3763385 22.3937189 25.8779088 15.73097126
4 3763386 3846428 25.8779088 26.1032335 2.71334971
4 3846429 4185607 26.1032335 29.3346231 9.527092184
4 4185608 4188425 29.3346231 29.5405954 73.09166075
4 4188426 4637636 29.5405954 33.7127079 9.287645449
4 4637637 4967368 33.7127079 35.0884024 4.172159511
4 4967369 5255599 35.0884024 35.67481 2.034505657
4 5255600 5455187 35.67481 36.2082037 2.672473796
4 5455188 5552425 36.2082037 36.385645 1.824814373
4 5552426 5835065 36.385645 37.0975144 2.518643504
4 5835066 6024096 37.0975144 38.0878116 5.238808449
4 6024097 6309217 38.0878116 38.87894 2.774711088
4 6309218 6404573 38.87894 39.0563751 1.860764923
4 6404574 6467219 39.0563751 39.2338423 2.832857645
4 6467220 6528988 39.2338423 39.4113005 2.872933025
4 6528989 7366330 39.4113005 39.5887767 0.211951867
4 7366331 7965857 39.5887767 40.0330698 0.741072712
4 7965858 9103000 40.0330698 40.4773696 0.390715855
4 9103001 10235819 40.4773696 40.9036825 0.376329228
4 10235820 11192842 40.9036825 41.5443521 0.669440128
4 11192843 11693746 41.5443521 41.8996209 0.709255266
4 11693747 11984797 41.8996209 42.077087 0.609742279
4 11984798 12377328 42.077087 42.4323655 0.905096668
4 12377329 12831063 42.4323655 42.6098262 0.391110891
4 12831064 12962773 42.6098262 43.143249 4.0499795
4 12962774 13354106 43.143249 43.4985097 0.907821983
4 13354107 14163640 43.4985097 43.8537794 0.438857046
4 14163641 14417576 43.8537794 44.2803398 1.679794909
4 14417577 15026625 44.2803398 44.4932233 0.349534274
4 15026626 15631335 44.4932233 44.9197679 0.705370508
4 15631336 17771380 44.9197679 45.4531716 0.249248824
4 18291570 18403594 50.0811389 49.9036717 1.584174961
4 18403595 18501378 49.9036717 49.5483749 3.633486051
4 18501379 18880314 49.5483749 48.836335 1.879050552
4 18880315 19344934 48.836335 48.1243658 1.532368818
4 19344935 20463111 48.1243658 46.8746108 1.117671889
4 20463112 21388053 46.8746108 46.697147 0.191864787
4 21388054 24536930 46.697147 46.3418543 0.112831559
4 24536931 28016527 46.3418543 45.986575 0.102103577
4 28479447 29406006 50.6146147 52.6651469 2.213059273
4 29406007 29785599 52.6651469 54.5895129 5.069550808
4 29785600 30047318 54.5895129 55.8201117 4.701984953
4 30047319 30375117 55.8201117 57.6037139 5.441145946
4 30375118 30590473 57.6037139 58.5399095 4.347199985
4 30590474 30769439 58.5399095 59.5749616 5.783512511
4 30769440 30847949 59.5749616 60.5145279 11.96747293
4 30847950 31019699 60.5145279 61.3087742 4.624432606
4 31019700 31085525 61.3087742 61.5239333 3.268603591
4 31085526 31245885 61.5239333 62.8006247 7.961408082
4 31245886 31347117 62.8006247 63.7509349 9.387448633
4 31347118 31632597 63.7509349 66.7087303 10.36077974
4 31632598 31663162 66.7087303 66.9199302 6.909860952
4 31663163 32116000 66.9199302 73.1722321 13.80692853
4 32116001 32230020 73.1722321 73.5366334 3.19594194
4 32230021 32309121 73.5366334 73.8919228 4.491591762
4 32309122 32458301 73.8919228 74.2471946 2.38149752
5 580663 855049 11.7874258 11.6012167 0.678636743
5 855050 948406 11.6012167 11.4151225 1.993360969
5 948407 1465834 11.4151225 9.0126559 4.643093532
5 1465835 1648713 9.0126559 8.0615188 5.200909344
5 1648714 1832717 8.0615188 7.8249949 1.285428034
5 1832718 2492909 7.8249949 6.3235116 2.274313079
5 2492910 3358232 6.3235116 4.9886345 1.542634484
5 3358233 3652212 4.9886345 4.8112181 0.603498197
5 3652213 3764951 4.8112181 4.455879 3.151873797
5 3764952 3853817 4.455879 4.2374315 2.458167353
5 3853818 4621983 4.2374315 2.5865423 2.149130787
5 4621984 5204953 2.5865423 1.9549608 1.083385938
5 5204954 7086954 1.9549608 1.4214073 0.283503303
5 7957901 8024392 17.4284259 17.8286166 6.018629309
5 8024393 8238830 17.8286166 18.0060784 0.827566942
5 8238831 8359716 18.0060784 19.1568961 9.519859206
5 8359717 8893603 19.1568961 23.0215884 7.238783301
5 8893604 9031323 23.0215884 24.3152772 9.393616033
5 9031324 9088178 24.3152772 24.9049367 10.37128661
5 9088179 9498771 24.9049367 26.1748603 3.092901243
5 9498772 9625295 26.1748603 27.1227905 7.492097942
5 9625296 9836684 27.1227905 27.8802418 3.583210574
5 9836685 9852420 27.8802418 28.0576718 11.27541942
5 9852421 9924842 28.0576718 28.6375538 8.006986827
5 9924843 10445636 28.6375538 34.4466995 11.15440212
5 10445637 10491281 34.4466995 34.6528914 4.517294337
5 11124669 11274417 47.156713 46.958388 1.324382801
5 11274418 11331388 46.958388 46.7407771 3.819678433
5 11331389 11660557 46.7407771 42.6491645 12.43012738
5 11660558 11668535 42.6491645 42.4718932 22.22001755
5 11668536 11719344 42.4718932 42.2945874 3.489653408
5 11719345 11783981 42.2945874 48.9630271 103.167531
5 11783982 11963962 48.9630271 49.1452664 1.012547436
6 954426 1010580 9.8940999 9.7166342 3.160283145
6 1010581 1157676 9.7166342 9.2423326 3.224435743
6 1157677 1378226 9.2423326 9.0058213 1.072370438
6 1378227 1477593 9.0058213 8.6505019 3.575828998
6 1477594 1671088 8.6505019 8.1944424 2.356957544
6 1671089 1974172 8.1944424 7.0460365 3.789068047
6 1974173 2126345 7.0460365 6.1549805 5.85554599
6 2126346 2309759 6.1549805 5.9775903 0.96715736
6 2309760 3176945 5.9775903 4.7273925 1.441672029
6 4644379 4691127 14.0773926 14.254657 3.79183298
6 4691128 4803218 14.254657 14.4321214 1.583217207
6 4803219 4848625 14.4321214 14.7531758 7.07059264
6 4848626 5346137 14.7531758 16.3980385 3.306176936
6 5346138 5380914 16.3980385 16.5755041 5.102958852
6 5380915 6024599 16.5755041 17.2874704 1.10607875
6 6024600 6165315 17.2874704 17.6934246 2.884918559
6 6165316 6545294 17.6934246 18.507991 2.143714258
6 6545295 6970521 18.507991 18.7106306 0.476544528
6 6970522 7287592 18.7106306 19.0659125 1.120512125
6 7287593 8010236 19.0659125 19.5993651 0.738195571
6 8010237 8097004 19.5993651 19.9546349 4.094479532
6 8097005 8363496 19.9546349 20.1762188 0.831484247
6 8363497 8826854 20.1762188 20.8437923 1.440729414
6 8826855 9145321 20.8437923 21.6752072 2.610678343
6 9145322 9312560 21.6752072 22.0894908 2.477194913
6 9312561 9963262 22.0894908 23.6989635 2.47344053
6 9963263 10190034 23.6989635 23.8764297 0.78257545
6 10190035 10534349 23.8764297 24.0538947 0.515414664
6 10534350 10754676 24.0538947 24.2313596 0.805461428
6 10754677 10986677 24.2313596 24.9431972 3.068252292
6 10986678 11206670 24.9431972 25.1206623 0.806685213
6 11206671 11381093 25.1206623 26.0112656 5.105996916
6 11381094 11421611 26.0112656 26.2330188 5.47295523
6 11421612 11577919 26.2330188 26.4547921 1.418822453
6 11577920 12009218 26.4547921 26.8992441 1.030496245
6 12009219 12241310 26.8992441 27.7897804 3.836996967
6 12241311 12603599 27.7897804 28.6803836 2.458267295
6 12603600 12733534 28.6803836 28.9168437 1.819833763
6 12733535 13133848 28.9168437 29.391027 1.184528395
6 13133849 13171606 29.391027 29.5684748 4.69960803
6 13171607 13304445 29.5684748 30.1018976 4.015558684
6 13304446 14010981 30.1018976 33.9447258 5.43897013
6 14010982 14254292 33.9447258 36.5201005 10.58470312
6 14254293 14388119 36.5201005 37.1906955 5.010909607
6 14388120 14412891 37.1906955 37.4932939 12.2153399
6 14412892 14519667 37.4932939 38.5644048 10.03138252
6 14519668 14585702 38.5644048 39.096289 8.054580147
6 14585703 14681607 39.096289 39.9707601 9.118097075
6 14681608 14785568 39.9707601 40.8452698 8.411901578
6 14785569 14874512 40.8452698 41.2326011 4.354777163
6 14874513 15086016 41.2326011 42.6456166 6.680797999
6 15086017 15171259 42.6456166 44.3319849 19.78307075
6 15171260 15237087 44.3319849 46.4234452 31.77159112
6 15237088 15270971 46.4234452 46.6007933 5.233977689
6 15270972 15295473 46.6007933 47.1341739 21.76885968
6 15295474 15420200 47.1341739 48.5630133 11.45573452
6 15420201 15666858 48.5630133 52.2573178 14.97743637
6 15666859 15801739 52.2573178 53.5632273 9.681938153
6 15801740 16172161 53.5632273 57.4164335 10.40220667
6 16172162 16490868 57.4164335 59.5394473 6.661334078
6 16490869 16724718 59.5394473 59.9213321 1.633033141
7 425152 1100590 0 2.9666883 4.392237197
7 1100591 1191114 2.9666883 3.5912042 6.898898635
7 1191115 1312879 3.5912042 4.4816904 7.313154026
7 1312880 1449333 4.4816904 5.015013 3.908442405
7 1449334 1526446 5.015013 5.5814226 7.345189527
7 1526447 2724507 5.5814226 10.8510357 4.398451414
7 2724508 2822541 10.8510357 11.1445201 2.993700145
7 2822542 2979646 11.1445201 11.748442 3.844065434
7 2979647 3054493 11.748442 12.1250331 5.031478884
7 3054494 4200604 12.1250331 22.9742444 9.466108693
7 4200605 4315400 22.9742444 23.5673125 5.166278442
7 4315401 4400747 23.5673125 24.5709185 11.75912452
7 4400748 4970139 24.5709185 26.2424328 2.935612548
7 4970140 5132335 26.2424328 27.0723655 5.116850601
7 5132336 5242300 27.0723655 27.6315551 5.085159824
7 5242301 6717363 27.6315551 30.8468078 2.179739238
7 6717364 6979666 30.8468078 31.033624 0.712215263
7 6979667 7793574 31.033624 33.7326813 3.316170009
7 7793575 7907507 33.7326813 33.9100056 1.556391037
7 7907508 8482600 33.9100056 34.2652511 0.617718352
7 8482601 8687337 34.2652511 34.7393989 2.315887211
7 8687338 9020343 34.7393989 34.9758815 0.710145163
7 9020344 9265484 34.9758815 35.1533409 0.723907465
7 9265485 10034956 35.1533409 35.3308005 0.230625156
7 12153131 13283828 35.6857199 36.0409538 0.314172219
7 13283829 13721150 36.0409538 36.2184146 0.405789784
7 13721151 15966248 36.2184146 36.5736528 0.158228371
7 15966249 16360004 36.5736528 36.8289827 0.648447008
7 16360005 16762504 36.8289827 37.1560952 0.812701863
7 16762505 16810385 37.1560952 37.365326 4.369808484
7 16810386 17808271 37.365326 37.9951724 0.631180716
7 17808272 17939909 37.9951724 38.4382618 3.365968793
7 17939910 19048568 38.4382618 39.7783731 1.2087678
7 19048569 19859123 39.7783731 40.3117393 0.658025921
7 19859124 20102808 40.3117393 40.6669908 1.457830806
7 20102809 20325655 40.6669908 40.8444556 0.796352655
7 20325656 21751570 40.8444556 42.398431 1.08980928
7 21751571 22065550 42.398431 43.0898438 2.202091853
7 22065551 22707622 43.0898438 44.7773863 2.628276112
7 22707623 23011616 44.7773863 45.6330747 2.814820029
7 23011617 23182246 45.6330747 46.1986664 3.314726015
7 23182247 23226790 46.1986664 46.5538438 7.973630568
7 23226791 23841915 46.5538438 47.9826678 2.322818939
7 23841916 24227114 47.9826678 51.4117368 8.902071397
7 24227115 24427972 51.4117368 52.4808697 5.322829561
7 24427973 24586757 52.4808697 52.6728648 1.209151368
7 24586758 25024356 52.6728648 54.7658759 4.78294306
7 25024357 25190501 54.7658759 56.2359122 8.847911764
7 25190502 25513364 56.2359122 59.8469929 11.18456032
7 25513365 25566325 59.8469929 60.3208775 8.9478031
7 25566326 25606763 60.3208775 60.5573458 5.847675454
7 25606764 25821498 60.5573458 62.2981268 8.106647729
7 25821499 25874173 62.2981268 62.9273188 11.94479355
7 25874174 26095403 62.9273188 64.5651457 7.40327668
7 26095404 26399533 64.5651457 66.6355552 6.807646401
7 26399534 26428014 66.6355552 66.8281554 6.762410028
7 26428015 26534646 66.8281554 68.8455214 18.91895491
7 26534647 27044475 68.8455214 72.7499517 7.658313474
7 27044476 27051683 72.7499517 72.9384811 26.15557714
8 1191745 1547346 1e-07 1.6450182 4.626009134
8 1547347 1697501 1.6450182 2.1854309 3.599032333
8 1697502 2438251 2.1854309 5.3465479 4.267454607
8 2438252 3279438 5.3465479 10.4872793 6.111282509
8 3279439 3346559 10.4872793 11.0369837 8.189752834
8 3346560 3360590 11.0369837 11.214415 12.64566317
8 3360591 3716823 11.214415 12.0695723 2.400556097
8 3716824 3812237 12.0695723 12.2822082 2.228560798
8 3812238 3940602 12.2822082 12.459668 1.382462509
8 3940603 3972175 12.459668 12.6371165 5.620260982
8 3972176 4021860 12.6371165 13.051634 8.342910335
8 4021861 4072681 13.051634 13.2585299 4.071071014
8 4072682 4265000 13.2585299 13.8813124 3.238278589
8 4265001 4370307 13.8813124 14.2365735 3.373575356
8 4370308 4728002 14.2365735 14.4140385 0.496134975
8 4728003 4976511 14.4140385 15.7244885 5.273249661
8 4976512 6437224 15.7244885 18.2230885 1.710534513
8 6437225 7518580 18.2230885 19.068742 0.782030617
8 7518581 7856752 19.068742 19.6345823 1.673232261
8 7856753 10297536 19.6345823 22.1172992 1.017180095
8 10297537 11554739 22.1172992 23.1075454 0.787658159
8 11554740 12596803 23.1075454 23.8986206 0.759142625
8 12596804 12722791 23.8986206 24.156558 2.047317205
8 12722792 12869035 24.156558 24.4679797 2.129466508
8 12869036 13135074 24.4679797 25.6539371 4.457832874
8 13135075 13364245 25.6539371 25.857112 0.886564618
8 13364246 13586623 25.857112 26.3904438 2.398311883
8 13586624 14091256 26.3904438 27.4601429 2.119756536
8 14091257 14149245 27.4601429 27.6933609 4.021762748
8 14149246 14166631 27.6933609 28.2013682 29.21933165
8 14166632 14757905 28.2013682 29.4296407 2.077332167
8 14757906 15029927 29.4296407 30.6263345 4.399253737
8 15029928 15093665 30.6263345 30.8456608 3.441060278
8 15093666 15321058 30.8456608 32.2747719 6.284762943
8 15321059 15338487 32.2747719 32.4642343 10.87052613
8 15338488 16066742 32.4642343 36.2956576 5.261101263
8 16066743 16224523 36.2956576 37.660388 8.649523073
8 16224524 16247484 37.660388 37.9035217 10.58898567
8 16247485 16515184 37.9035217 39.8354536 7.216779604
8 16515185 16563085 39.8354536 40.0128073 3.702505167
8 16563086 16681552 40.0128073 40.7778205 6.457605916
8 16681553 17256708 40.7778205 47.3504249 11.42751601
8 17256709 17286561 47.3504249 47.5317409 6.073627441
8 17286562 17444137 47.5317409 48.0778579 3.465737168
8 17444138 17555518 48.0778579 48.789625 6.390381663
8 17555519 17595927 48.789625 49.1931054 9.984914252
8 17595928 17716252 49.1931054 50.9370427 14.49355745
8 17716253 17921865 50.9370427 52.3187782 6.720078497
8 17921866 18000939 52.3187782 52.8731134 7.010334623
8 18000940 18120997 52.8731134 53.4724172 4.991785637
8 18120998 18142786 53.4724172 54.8205721 61.87318831
8 18142787 18228946 54.8205721 55.3357066 5.978812674
8 18228947 18268378 55.3357066 55.5683314 5.899391357
8 18268379 18364603 55.5683314 56.4127931 8.775907508
8 18364604 18882338 56.4127931 57.8363018 2.749492887
8 18882339 19362031 57.8363018 58.4212821 1.219488923
9 268183 621952 2e-07 1.5309945 4.327654408
9 621953 819101 1.5309945 1.9641272 2.196981471
9 819102 856713 1.9641272 2.3193704 9.444943103
9 856714 1204167 2.3193704 3.3894918 3.079893741
9 1204168 1254658 3.3894918 3.7447164 7.035404329
9 1254659 1486919 3.7447164 4.635547 3.835472163
9 1486920 1560857 4.635547 5.4849969 11.48867835
9 1560858 1677322 5.4849969 6.8368362 11.60725797
9 1677323 1702357 6.8368362 7.2083629 14.84029159
9 1702358 1887334 7.2083629 9.4647642 12.19828033
9 1887335 1955021 9.4647642 10.1765335 10.51559827
9 1955022 2053770 10.1765335 11.4096445 12.48732645
9 2053771 2083883 11.4096445 11.7132146 10.08103145
9 2083884 2195513 11.7132146 12.0957118 3.42647317
9 2195514 2222747 12.0957118 12.2866993 7.012833223
9 2222748 2343163 12.2866993 12.6692093 3.17657122
9 2343164 2992264 12.6692093 12.8466708 0.27339582
9 2992265 3744470 12.8466708 13.2019629 0.47233351
9 3744471 5337041 13.2019629 35.7131702 14.13513576
9 5337042 5372611 35.7131702 35.3579338 9.986966545
9 5372612 5514942 35.3579338 33.9927646 9.591509931
9 5514943 5606897 33.9927646 33.6069262 4.195948018
9 5606898 5744996 33.6069262 32.7671864 6.080708767
9 5744997 5881002 32.7671864 30.7705028 14.68084937
9 5881003 6028150 30.7705028 30.3546857 2.825842689
9 6028151 6311427 30.3546857 29.0929316 4.454135352
9 6311428 7048249 29.0929316 25.7263898 4.569002826
9 7048250 7117324 25.7263898 25.5353986 2.76498299
9 7117325 7584064 25.5353986 24.2372452 2.781320221
9 7584065 7769974 24.2372452 23.8819508 1.911109677
9 7769975 7834840 23.8819508 23.5265999 5.478230506
9 7834841 8064568 23.5265999 23.1712534 1.546814058
9 8064569 8200808 23.1712534 22.9937771 1.302673958
9 8200809 9538508 22.9937771 22.6384395 0.265633251
9 9538509 9659641 22.6384395 22.4054641 1.923302486
9 9659642 10254239 22.4054641 21.8938266 0.860476322
9 10254240 10492913 21.8938266 21.6087623 1.194366793
9 10492914 10651422 21.6087623 21.3236951 1.798429111
9 10651423 10956660 21.3236951 20.4583429 2.835008092
9 10956661 11151146 20.4583429 19.7056221 3.870308403
9 11151147 12390505 19.7056221 18.9011309 0.649118778
9 12390506 12670351 18.9011309 18.7236835 0.634089463
9 12670352 13052116 18.7236835 17.8326748 2.333919296
9 13052117 13561984 17.8326748 17.6552322 0.348016742
9 13561985 13834675 17.6552322 17.4777539 0.650840328
9 13834676 13978359 17.4777539 17.3002743 1.235207817
9 13978360 14751929 17.3002743 17.1227947 0.229429269
9 14751930 14907510 17.1227947 16.368378 4.84902848
9 14907511 16589703 16.368378 14.8768168 0.886676618
9 16589704 16825299 14.8768168 14.6660572 0.894580553
9 16825300 17094543 14.6660572 13.9121594 2.800054226
9 17094544 17261886 13.9121594 13.7347235 1.060312651
9 17261887 17599885 13.7347235 13.3794267 1.051177074
9 17599886 18068413 13.3794267 46.5254328 70.7449845
9 18068414 18381630 46.5254328 48.7015944 6.947776142
9 18381631 18381939 48.7015944 48.9244212 721.1223301
9 18381940 18512790 48.9244212 51.657594 20.88767224
9 18512791 18800654 51.657594 51.8647628 0.719675958
9 18800655 19075284 51.8647628 53.0353259 4.262327859
9 19075285 19267062 53.0353259 53.5685645 2.780499327
10 272921 1530340 1.9723888 2.1497584 0.141058358
10 1530341 1709708 2.1497584 2.6240408 2.644186254
10 1709709 1922010 2.6240408 2.8605518 1.114030956
10 1922011 1983948 2.8605518 3.7456139 14.28948465
10 1983949 2341568 3.7456139 4.5814858 2.337318662
10 2341569 2381542 4.5814858 4.819668 5.958427978
10 2381543 2565162 4.819668 5.1749919 1.935104564
10 2565163 2648428 5.1749919 5.7085289 6.407621358
10 2648429 2667250 5.7085289 5.925532 11.52922644
10 2667251 3077683 5.925532 6.6797221 1.837547419
10 3077684 3115430 6.6797221 6.961702 7.470259888
10 3115431 3196904 6.961702 7.149949 2.310516238
10 3196905 4858736 7.149949 12.6242585 3.294141345
10 4858737 4933242 12.6242585 12.8894548 3.559395216
10 4933243 4978844 12.8894548 13.2141168 7.119468444
10 4978845 5681492 13.2141168 14.0552019 1.19702198
10 5681493 5839021 14.0552019 14.2916672 1.501090593
10 5839022 6362687 14.2916672 14.7658199 0.905448702
10 6362688 6687070 14.7658199 14.9432831 0.547079224
10 6687071 7439988 14.9432831 15.8338419 1.182809815
10 7439989 8404130 15.8338419 16.3670889 0.553079318
10 8404131 9294364 16.3670889 18.3378502 2.213756495
10 9294365 9642285 18.3378502 19.228558 2.560086341
10 9642286 9852932 19.228558 19.6728283 2.109074898
10 9852933 10031168 19.6728283 20.117128 2.492760722
10 10031169 10254749 20.117128 20.2945829 0.793694008
10 10254750 10405463 20.2945829 20.6498469 2.357206364
10 10405464 10814121 20.6498469 21.2055789 1.359895071
10 10814122 11652091 21.2055789 24.7869404 4.273854076
10 11652092 11662192 24.7869404 24.9808543 19.1974953
10 11662193 11668382 24.9808543 25.3361456 57.3976252
10 11668383 11692484 25.3361456 25.6914007 14.73965231
10 11692485 11758717 25.6914007 26.6053903 13.79961047
10 11758718 11841756 26.6053903 27.3116326 8.504947073
10 11841757 11931426 27.3116326 27.9798309 7.451748634
10 11931427 12525650 27.9798309 33.6044399 9.465469251
10 12525651 12557275 33.6044399 34.2108239 19.17419763
10 12557276 12983444 34.2108239 37.9723435 8.82635668
10 12983445 13055132 37.9723435 38.7436028 10.75855513
10 13055133 13103183 38.7436028 39.4555112 14.81568334
10 13103184 13162614 39.4555112 39.8107899 5.978003062
10 13162615 13221082 39.8107899 40.433445 10.64950229
10 13221083 13319355 40.433445 41.0561814 6.336800545
10 13319356 13332896 41.0561814 41.2336154 13.10346356
10 13332897 13412656 41.2336154 41.8697443 7.975537864
10 13412657 13460285 41.8697443 42.340894 9.892076256
10 13460286 13659010 42.340894 44.7314349 12.02939187
10 13659011 13907615 44.7314349 48.424353 14.85456085
10 13907616 13932032 48.424353 49.1282358 28.82757095
10 13932033 13971154 49.1282358 49.9488886 20.97675988
10 13971155 14100365 49.9488886 50.9379124 7.654331288
10 14100366 14163259 50.9379124 51.2015253 4.191383916
10 14163260 14222018 51.2015253 51.769429 9.664965367
10 14222019 14263633 51.769429 52.4976475 17.49894269
10 14263634 14726770 52.4976475 55.0579518 5.528179135
10 14726771 14839240 55.0579518 55.2354213 1.577927447
10 14839241 14903255 55.2354213 55.4128908 2.772311177
10 14903256 15066126 55.4128908 55.5903602 1.089631672
10 15066127 15321346 55.5903602 55.7678288 0.69535538
11 1935774 2307144 4e-07 1.2491055 3.363496611
11 2307145 2341526 1.2491055 1.4265163 5.159990693
11 2341527 2881248 1.4265163 2.6082297 2.189485328
11 2881249 2976942 2.6082297 3.3210276 7.448720923
11 2976943 3295758 3.3210276 3.9201775 1.879296836
11 3295759 3473014 3.9201775 5.2957658 7.760461141
11 3473015 3609775 5.2957658 5.8821332 4.287533727
11 3609776 4036086 5.8821332 6.2373732 0.833288374
11 4036087 4134734 6.2373732 6.6118567 3.796159071
11 4134735 4239236 6.6118567 6.7988795 1.789657614
11 4239237 4397994 6.7988795 6.9857847 1.177296262
11 4397995 6239999 6.9857847 9.6448423 1.443566983
11 6240000 6917728 9.6448423 10.1781946 0.786969866
11 6917729 7113178 10.1781946 10.6523341 2.425886416
11 7113179 7285737 10.6523341 10.8888169 1.37044605
11 7285738 7385764 10.8888169 11.1543001 2.654115389
11 7385765 8041558 11.1543001 11.9561674 1.22274266
11 8041559 8308915 11.9561674 12.1336186 0.663723785
11 8308916 8556321 12.1336186 12.488852 1.435831791
11 8556322 9611496 12.488852 13.4730171 0.932703201
11 9611497 9836343 13.4730171 13.7826528 1.377095091
11 9836344 10140558 13.7826528 14.6252154 2.769628717
11 10140559 10763738 14.6252154 16.053916 2.292597002
11 10763739 11036531 16.053916 16.5871526 1.954729777
11 11036532 11485932 16.5871526 17.2988344 1.583623089
11 11485933 11508093 17.2988344 17.4762914 8.00762601
11 11508094 11653699 17.4762914 17.6537529 1.218778759
11 11653700 11862682 17.6537529 18.1509591 2.379170555
11 11862683 12019103 18.1509591 18.8988924 4.781540202
11 12019104 12105226 18.8988924 19.0762939 2.059862058
11 12105227 12752496 19.0762939 19.6096116 0.823949357
11 12752497 12961943 19.6096116 20.5000366 4.251314175
11 12961944 13027099 20.5000366 20.8813326 5.852047394
11 13027100 13052637 20.8813326 21.0741382 7.549753309
11 13052638 13200910 21.0741382 23.0738223 13.48650193
11 13200911 13620229 23.0738223 24.2933611 2.908379539
11 13620230 14075733 24.2933611 27.6945992 7.466977458
11 14075734 14269495 27.6945992 29.9507923 11.64414643
11 14269496 14402011 29.9507923 31.9265078 14.90926001
11 14402012 14754400 31.9265078 35.5303711 10.22694607
11 14754401 14762231 35.5303711 35.7466309 27.61586004
11 14762232 15063043 35.7466309 37.8767211 7.081134396
11 16179761 16336233 50.3730729 50.5535397 1.153341471
12 363318 458272 1e-07 0.7116131 7.494213048
12 458273 552535 0.7116131 1.5125222 8.496537348
12 552536 628267 1.5125222 2.3134045 10.57521655
12 628268 901981 2.3134045 4.9449201 9.614106695
12 1360161 1516649 19.9188108 20.0962422 1.133826659
12 1516650 1806760 20.0962422 20.6294844 1.838062673
12 1806761 1988542 20.6294844 21.1626323 2.932897097
12 3288872 4135422 53.3260664 53.0865613 0.28291869
12 4135423 4367221 53.0865613 52.4216049 2.868676741
12 4367222 4422793 52.4216049 52.2441466 3.193304182
12 4422794 4555267 52.2441466 52.066717 1.339354137
12 4555268 4840910 52.066717 50.8375459 4.303172492
12 4840911 5706811 50.8375459 45.3336889 6.356219706
12 5706812 5827202 45.3336889 44.4779631 7.107888463
12 5827203 6277812 44.4779631 44.0649396 0.916587515
12 6277813 6399962 44.0649396 43.8874702 1.452880884
12 6399963 6536695 43.8874702 43.7100018 1.297919303
12 6536696 6606591 43.7100018 43.5325347 2.539016539
12 6606592 6733113 43.5325347 43.3550684 1.402651713
12 6733114 7248954 43.3550684 41.6183651 3.366741496
12 7248955 7417596 41.6183651 41.4041727 1.270101161
12 7417597 7540419 41.4041727 41.2109411 1.573252567
12 7540420 8183566 41.2109411 39.9615976 1.942547349
12 8183567 8404375 39.9615976 38.8919497 4.844222382
12 8404376 8556056 38.8919497 38.3586273 3.51607914
12 8556057 8584077 38.3586273 38.1740681 6.586460155
12 8584078 10883799 38.1740681 34.0282443 1.802749985
12 10883800 11027624 34.0282443 33.7669874 1.81649157
12 11027625 11455843 33.7669874 33.2972276 1.097008306
12 11455844 11598732 33.2972276 32.7638962 3.732487455
12 11598733 12166583 32.7638962 31.9498809 1.43350157
12 12166584 12317052 31.9498809 31.340256 4.051498315
12 12317053 12645770 31.340256 31.162842 0.539714892
12 12645771 13330045 31.162842 30.4510138 1.040266267
12 13330046 13921048 30.4510138 30.0453223 0.686445754
12 13921049 14257510 30.0453223 29.0263738 3.028420743
12 14257511 14599549 29.0263738 28.3531988 1.968123518
12 14599550 14913393 28.3531988 27.3126263 3.315572386
12 14913394 15009532 27.3126263 27.0679819 2.544694661
12 15009533 15113205 27.0679819 26.5346701 5.144172543
12 15113206 15138268 26.5346701 26.0904504 17.72412321
12 15138269 15426870 26.0904504 25.6462239 1.539235695
12 15426871 15535145 25.6462239 25.4687825 1.638803048
12 15535146 15685420 25.4687825 25.1135628 2.363797704
12 15685421 15691391 25.1135628 24.9361449 29.71326411
12 15691392 16333189 24.9361449 24.224482 1.108858083
13 524298 1447764 1e-07 0.1774732 0.192181312
13 1447765 1713702 0.1774732 0.7109188 2.005902128
13 1713703 1834379 0.7109188 1.2443702 4.420489406
13 1834380 2159509 1.2443702 1.6300682 1.186288561
13 2159510 3047242 1.6300682 4.2400228 2.940022056
13 3047243 4988787 4.2400228 9.5288973 2.724054554
13 4988788 5159906 9.5288973 9.7157859 1.092155751
13 5159907 5594991 9.7157859 10.0122127 0.68130779
13 5594992 5910668 10.0122127 12.4652745 7.770796732
13 5910669 6159286 12.4652745 13.4148415 3.819381541
13 6159287 6511858 13.4148415 15.3258544 5.420206086
13 6511859 6757608 15.3258544 15.6811014 1.445562564
13 6757609 6797091 15.6811014 15.8585573 4.494488767
13 6797092 7081461 15.8585573 16.2138121 1.249269614
13 7081462 7357456 16.2138121 16.7717476 2.021542057
13 7357457 10133318 16.7717476 20.1697865 1.224138268
13 10133319 10598454 20.1697865 20.3560649 0.40048158
13 10598455 10886695 20.3560649 20.7578012 1.393751409
13 10886696 11385258 20.7578012 21.1595135 0.805740298
13 11385259 12037706 21.1595135 21.8915736 1.122020605
13 12037707 12350802 21.8915736 22.3115289 1.341298835
13 12350803 12473476 22.3115289 22.8448461 4.347434664
13 12473477 14279430 22.8448461 24.2736511 0.791163562
13 14279431 14566394 24.2736511 24.8473795 1.999304442
13 14566395 15378570 24.8473795 26.7769222 2.375769168
13 15378571 15571272 26.7769222 27.1321421 1.843363847
13 15571273 15794516 27.1321421 27.8439088 3.188290391
13 15794517 16112933 27.8439088 29.2334807 4.364000352
13 16112934 16299065 29.2334807 29.6277065 2.117990458
13 16299066 16655026 29.6277065 30.6420862 2.849693365
13 16655027 16871488 30.6420862 31.0960641 2.097263723
13 16871489 16932624 31.0960641 31.4892813 6.431843758
13 16932625 17013719 31.4892813 32.4763038 12.17118811
13 17013720 17124757 32.4763038 33.4862621 9.095609611
13 17124758 17287015 33.4862621 36.5449186 18.85057439
13 17287016 17478984 36.5449186 38.0590185 7.887210435
13 17478985 17641463 38.0590185 38.9288637 5.353585386
13 17641464 17690411 38.9288637 39.1951453 5.440091526
13 17690412 17696174 39.1951453 39.4614389 46.20746139
13 17696175 17771355 39.4614389 39.6388839 2.360237294
13 17771356 17901112 39.6388839 40.2156806 4.44520681
13 17901113 18178289 40.2156806 41.9828351 6.375545229
13 18178290 18430512 41.9828351 44.9246366 11.66349421
13 18688123 18926665 58.8760402 56.5443479 9.774725312
13 18926666 19085912 56.5443479 54.7560018 11.23001438
13 19085913 19182382 54.7560018 54.4008084 3.681905256
13 19793353 19882876 63.2313953 63.4088533 1.982239399
14 690634 894868 0 0.955731 4.679565207
14 894869 1076431 0.955731 2.4964826 8.486043963
14 1076432 1195049 2.4964826 3.5909601 9.226909069
14 1195050 1514160 3.5909601 6.6707351 9.651108862
14 1514161 1554829 6.6707351 8.2063342 37.75846714
14 1554830 1825648 8.2063342 10.3950732 8.081925567
14 1825649 1931915 10.3950732 11.4668149 10.08536705
14 1931916 1962086 11.4668149 12.5182746 34.8500116
14 1962087 2033100 12.5182746 13.7848388 17.83541555
14 2033101 2181048 13.7848388 14.5381834 5.091955282
14 2181049 2375841 14.5381834 16.9806586 12.53882429
14 2375842 2456419 16.9806586 17.3578151 4.680638636
14 2456420 2460565 17.3578151 17.5461286 45.42052581
14 2460566 2574766 17.5461286 19.2765766 15.1526519
14 2574767 2636605 19.2765766 20.1543571 14.1946102
14 2636606 2715703 20.1543571 20.760554 7.6638714
14 2715704 2967906 20.760554 22.9146223 8.541009821
14 2967907 2985380 22.9146223 23.128811 12.25756553
14 2985381 3189866 23.128811 23.9457348 3.995010905
14 3189867 3292800 23.9457348 24.1598513 2.080133872
14 3292801 3447685 24.1598513 25.7703968 10.39833102
14 3447686 3642991 25.7703968 26.8406255 5.47975331
14 3642992 4005398 26.8406255 27.9108448 2.953086723
14 4005399 4089258 27.9108448 28.3371889 5.083998331
14 4089259 4232227 28.3371889 28.9778666 4.481235093
14 4232228 4259895 28.9778666 29.4751528 17.97333382
14 4259896 4432569 29.4751528 30.2233561 4.333039716
14 4432570 4614929 30.2233561 30.7567899 2.925168897
14 4614930 5190308 30.7567899 31.4996918 1.291152267
14 5190309 5474145 31.4996918 31.7050617 0.723548727
14 5474146 5909051 31.7050617 33.3446988 3.770095377
14 5909052 6849438 33.3446988 34.4497116 1.175061756
14 6849439 7142093 34.4497116 35.0388829 2.013194034
14 7142094 7392271 35.0388829 36.1091319 4.2779501
14 7392272 8766527 36.1091319 37.03148 0.671161778
14 8766528 8859737 37.03148 37.3041215 2.925024139
14 8859738 8945810 37.3041215 37.5767977 3.167964402
14 8945811 9141719 37.5767977 37.8067858 1.173953723
14 9141720 9287166 37.8067858 38.1350746 2.257102587
14 9287167 9735748 38.1350746 38.463354 0.731815811
14 9735749 10022194 38.463354 39.6088112 3.998859122
14 10022195 10066890 39.6088112 39.7983879 4.241469035
14 10066891 10493800 39.7983879 40.5599713 1.783943688
14 10493801 10784421 40.5599713 41.272104 2.450382801
14 10784422 10950686 41.272104 41.4495622 1.067321445
14 10950687 10967118 41.4495622 41.804886 21.62389241
14 10967119 11037320 41.804886 41.9823588 2.52803054
14 11037321 11108353 41.9823588 42.1598406 2.498582349
14 11108354 11345666 42.1598406 43.0509269 3.754898805
14 11345667 11436263 43.0509269 43.4505934 4.411476097
14 11436264 11656441 43.4505934 43.8502627 1.815209966
14 11656442 12618267 43.8502627 44.6521104 0.833672307
14 12618268 13299468 44.6521104 46.4301571 2.610164548
14 13299469 13883110 46.4301571 45.8966124 0.914164334
14 13883111 14018215 45.8966124 45.7191756 1.313325192
14 14018216 14214121 45.7191756 45.0070446 3.635064776
14 14214122 14512749 45.0070446 44.8295918 0.594226931
15 321921 435040 2e-07 9.0333751 79.85656736
15 435041 807428 9.0333751 9.2617046 0.613149457
15 807429 1194238 9.2617046 10.4519983 3.077205088
15 1194239 1261503 10.4519983 11.0260777 8.534593028
15 1261504 1997577 11.0260777 17.5276252 8.832736247
15 1997578 2066065 17.5276252 17.7238387 2.864932543
15 2066066 2216030 17.7238387 20.1053286 15.88030474
15 2216031 2385169 20.1053286 21.5112832 8.312421145
15 2385170 2413785 21.5112832 22.0447373 18.64181227
15 2413786 2471773 22.0447373 22.3999936 6.126376147
15 2471774 2507045 22.3999936 23.2013212 22.71851894
15 2507046 2566368 23.2013212 24.0025846 13.50679163
15 2566369 2731642 24.0025846 25.5533401 9.38293682
15 2731643 2883250 25.5533401 26.2269892 4.443361168
15 2883251 3034216 26.2269892 26.9916235 5.064943762
15 3034217 3269921 26.9916235 28.1415907 4.878840924
15 3269922 3345264 28.1415907 28.8360974 9.217932655
15 3345265 4138554 28.8360974 32.6452863 4.801760895
15 4138555 4167330 32.6452863 33.0157055 12.87250487
15 4167331 4191026 33.0157055 33.4099675 16.63833558
15 4191027 4642352 33.4099675 34.7998559 3.079566433
15 4642353 5400351 34.7998559 36.5900578 2.361747047
15 5400352 5858890 36.5900578 38.0191416 3.116602514
15 5858891 6213472 38.0191416 38.5524796 1.504131625
15 6213473 6639481 38.5524796 39.9018318 3.16742651
15 6639482 8737531 39.9018318 43.3372888 1.637452396
15 8737532 9174099 43.3372888 44.304961 2.216544044
15 9174100 9515070 44.304961 44.6601899 1.04181558
15 9515071 9839017 44.6601899 45.0154234 1.09657907
15 9839018 10310105 45.0154234 46.0850974 2.270645824
15 10310106 10408785 46.0850974 46.2625049 1.79780604
15 10408786 11044233 46.2625049 46.6177514 0.559048891
15 11044234 11164365 46.6177514 46.7952058 1.477161789
15 11164366 11238624 46.7952058 46.9726629 2.389704952
15 11238625 11492839 46.9726629 47.15012 0.698059123
15 11492840 11588348 47.15012 47.7434357 6.212144405
15 11588349 11673180 47.7434357 48.0387823 3.481547058
15 11673181 11777081 48.0387823 48.2162234 1.707790108
15 11777082 11832899 48.2162234 48.5714477 6.363973987
15 11832900 11967636 48.5714477 48.9266497 2.636261754
15 11967637 12187214 48.9266497 49.4599511 2.428756068
15 12187215 13153669 49.4599511 49.8151591 0.36753703
15 13153670 13676980 49.8151591 50.170361 0.678758711
15 13676981 15587730 50.170361 50.8820699 0.3724762
16 736956 2585761 1e-07 3.5629928 1.927185816
16 2585762 2898523 3.5629928 5.2771982 5.480862125
16 2898524 3058433 5.2771982 5.8272612 3.439828654
16 3058434 3328921 5.8272612 7.1879109 5.030351439
16 3328922 4084489 7.1879109 9.3382422 2.845979846
16 4084490 4197958 9.3382422 9.515569 1.562777499
16 4197959 5144896 9.515569 10.518537 1.059169661
16 5144897 5471163 10.518537 11.1184719 1.838785105
16 5471164 5534987 11.1184719 11.4737144 5.565970481
16 5534988 6047924 11.4737144 11.6511725 0.345964709
16 6047925 6246695 11.6511725 12.006424 1.78724009
16 6246696 6372463 12.006424 12.3616755 2.824657306
16 6372464 6418085 12.3616755 12.5390798 3.888569111
16 6418086 7674627 12.5390798 14.8506896 1.839659796
16 7674628 8795563 14.8506896 15.7627926 0.81369766
16 8795564 9048409 15.7627926 16.5537898 3.128375375
16 9048410 9562093 16.5537898 17.5437873 1.927250021
16 9562094 10206983 17.5437873 17.8990029 0.550815798
16 10206984 10250393 17.8990029 18.2542048 8.18249021
16 10250394 10375459 18.2542048 18.9659366 5.690849631
16 10375460 10611556 18.9659366 19.2322112 1.127818651
16 10611557 10646414 19.2322112 19.4985099 7.639528946
16 10646415 10993699 19.4985099 19.6759594 0.510962178
16 10993700 11409755 19.6759594 21.2404601 3.760312794
16 11409756 11705095 21.2404601 21.4613082 0.747775784
16 11705096 11963875 21.4613082 21.8165298 1.37267795
16 11963876 12239415 21.8165298 22.1717497 1.289177252
16 12239416 12765260 22.1717497 22.3492056 0.337468075
16 12765261 12923883 22.3492056 22.5266512 1.118662489
16 12923884 13024461 22.5266512 22.9089771 3.801287558
16 13024462 13155107 22.9089771 23.7521364 6.453770494
16 13155108 13628334 23.7521364 25.020903 2.681095119
16 13628335 14031175 25.020903 25.3761116 0.881758808
16 14031176 14177977 25.3761116 26.3084989 6.351325595
16 14177978 14299970 26.3084989 26.7043512 3.244877165
16 14299971 14874605 26.7043512 29.3043097 4.524539055
16 14874606 14998142 29.3043097 29.4934306 1.530884674
16 14998143 15668315 29.4934306 33.112617 5.400376321
16 15668316 16027971 33.112617 36.5131172 9.454868541
16 16027972 16051738 36.5131172 36.7364796 9.398005638
16 16051739 16094081 36.7364796 37.4118548 15.95010273
16 16094082 16143392 37.4118548 37.6471295 4.771241711
16 16244072 16289361 53.7316458 53.5542579 3.916712299
16 16289362 16672260 53.5542579 51.9460563 4.200067381
16 16672261 16902827 51.9460563 51.7686776 0.76931521
16 16902828 16958532 51.7686776 48.7654186 53.91363432
16 16958533 17209573 48.7654186 48.3720375 1.566999414
16 17209574 17262487 48.3720375 47.9816283 7.378183468
16 17262488 17465414 47.9816283 44.4762179 17.27424345
16 17465415 17535792 44.4762179 43.1364595 19.03660803
16 17535793 17690174 43.1364595 41.4242737 11.09057921
16 17690175 17698891 41.4242737 41.2290507 22.39566365
16 17698892 17786436 41.2290507 40.4668396 8.706506368
16 17786437 17801606 40.4668396 40.1117932 23.4045089
17 386765 629241 3e-07 0.1982228 0.817489906
17 629242 1063427 0.1982228 2.6480906 5.642438494
17 1063428 1311733 2.6480906 4.4879321 7.409573268
17 1311734 1355312 4.4879321 4.8432767 8.154032906
17 1355313 1378274 4.8432767 5.3176372 20.658501
17 1378275 1407279 5.3176372 5.5541508 8.154235477
17 1407280 1433669 5.5541508 5.7316351 6.725437666
17 1433670 1486126 5.7316351 5.7316354 5.72e-06
17 1486127 1494262 5.7316354 5.9091135 21.81392576
17 1494263 1671074 5.9091135 6.2718996 2.051818315
17 1671075 1756849 6.2718996 6.4530566 2.112002332
17 1756850 1791933 6.4530566 7.2038193 21.39900524
17 1791934 1879406 7.2038193 7.9020965 7.982774113
17 1879407 1910201 7.9020965 8.1537663 8.172424095
17 1910202 2292374 8.1537663 14.3081746 16.10372344
17 2292375 2697224 14.3081746 19.210276 12.10843868
17 2697225 3074150 19.210276 23.4432779 11.23032611
17 3074151 3475326 23.4432779 24.4502778 2.510119997
17 3475327 3584416 24.4502778 25.2545488 7.372545605
17 3584417 3844362 25.2545488 27.6974906 9.397881868
17 3844363 4150999 27.6974906 29.4707957 5.78307608
17 4151000 4590534 29.4707957 30.0965321 1.423632703
17 4590535 4686936 30.0965321 30.2739959 1.840872596
17 4686937 4859750 30.2739959 30.6292881 2.055922553
17 4859751 4962456 30.6292881 30.9845488 3.45900629
17 4962457 5351891 30.9845488 31.6964875 1.828132294
17 5351892 5463559 31.6964875 32.2299041 4.776808038
17 5463560 5832675 32.2299041 32.9418862 1.928884416
17 5832676 6030295 32.9418862 33.1634507 1.121164356
17 7926753 8287823 35.5747367 35.7873311 0.588788355
17 8287824 8682947 35.7873311 36.8572766 2.707872718
17 8682948 9214628 36.8572766 37.5157171 1.238412695
17 9214629 9278388 37.5157171 37.7978006 4.424145232
17 9278389 9590293 37.7978006 38.4866788 2.208615444
17 9590294 10329937 38.4866788 41.9704829 4.710109323
17 10329938 10399777 41.9704829 42.8207579 12.1746134
17 10399778 10992299 42.8207579 46.180569 5.670356712
17 10992300 11001067 46.180569 46.4352684 29.04874544
17 11001068 11033395 46.4352684 47.2849025 26.28167842
17 11033396 11043444 47.2849025 47.4623333 17.65656284
17 11043445 11044848 47.4623333 47.6649409 144.3074074
17 11044849 11054170 47.6649409 47.9076151 26.03241794
17 11054171 11135602 47.9076151 48.886381 12.01942602
17 11135603 11153355 48.886381 49.0637818 9.992722357
17 11153356 11261415 49.0637818 49.77575 6.588637794
17 11261416 11652732 49.77575 52.476935 6.902805143
17 11652733 11735949 52.476935 53.5470908 12.85982191
17 11735950 11948309 53.5470908 54.527677 4.617565455
17 11948310 12085191 54.527677 55.5083388 7.164286027
17 12085192 12106391 55.5083388 56.0418303 25.1646934
17 12106392 12120001 56.0418303 56.2192706 13.03749449
17 12120002 12154617 56.2192706 56.7527732 15.41202334
17 12154618 12181674 56.7527732 57.108066 13.13127102
17 12181675 12777596 57.108066 64.2743876 12.02560335
17 12777597 12781771 64.2743876 64.5023243 54.59561677
17 12781772 13039989 64.5023243 64.7697832 1.035787203
17 13039990 13214417 64.7697832 65.1077067 1.937323709
17 13214418 13478853 65.1077067 66.9632914 7.01714101
17 13478854 13565488 66.9632914 67.5325613 6.570899752
17 13565489 13663035 67.5325613 67.9116752 3.886474212
17 13663036 13770682 67.9116752 68.0891368 1.648551283
17 13770683 13792568 68.0891368 68.2666084 8.108909805
17 13792569 13939195 68.2666084 68.9341853 4.552892032
17 13939196 14144226 68.9341853 69.1557713 1.080743888
18 1034569 1367538 0 0.3527463 1.059393639
18 1367539 1486757 0.3527463 0.7079412 2.97934809
18 1486758 1755757 0.7079412 1.4699645 2.832800372
18 1755758 2254483 1.4699645 3.3878699 3.845609413
18 2254484 2343146 3.3878699 3.7429604 4.004945693
18 2343147 2570683 3.7429604 4.2761785 2.343434694
18 2570684 2624780 4.2761785 4.8094156 9.85705492
18 2624781 2708901 4.8094156 4.9868469 2.109239072
18 2708902 2866487 4.9868469 5.1642982 1.126060056
18 2866488 3231753 5.1642982 6.9532321 4.897619543
18 3231754 3251024 6.9532321 7.1747253 11.49360179
18 3251025 3401005 7.1747253 7.8421191 4.449855648
18 3401006 4125283 7.8421191 8.1973234 0.490425362
18 4125284 5744556 8.1973234 8.3747856 0.10959375
18 5744557 6061681 8.3747856 8.5521831 0.559392984
18 6061682 7434203 8.5521831 9.9038711 0.984820644
18 7434204 8132477 9.9038711 10.9187599 1.453424873
18 8132478 8508896 10.9187599 11.5072925 1.563503968
18 8508897 8732457 11.5072925 11.9375612 1.924614311
18 8732458 9357371 11.9375612 12.6491748 1.13873845
18 9357372 9485205 12.6491748 12.8266251 1.388130701
18 9485206 9513482 12.8266251 13.0040773 6.275495986
18 9513483 9819238 13.0040773 13.8589158 2.795819215
18 9819239 9898489 13.8589158 14.0715401 2.682922613
18 9898490 10229370 14.0715401 15.2692833 3.619860917
18 10229371 10309563 15.2692833 15.7453992 5.937125435
18 10309564 10887402 15.7453992 17.6430651 3.284073764
18 10887403 10902120 17.6430651 17.8304495 12.73164832
18 10902121 11654126 17.8304495 20.8375244 3.998737909
18 11654127 11879542 20.8375244 21.7692199 4.133227011
18 11879543 11940102 21.7692199 21.966167 3.252098745
18 11940103 12115679 21.966167 22.7571283 4.504925474
18 12115680 12269289 22.7571283 23.5481143 5.149313196
18 12269290 12532481 23.5481143 23.9360437 1.473940697
18 12532482 12700424 23.9360437 24.8142679 5.229299227
18 12700425 13194162 24.8142679 25.6462685 1.685105461
18 13194163 13286071 25.6462685 25.867474 2.406788236
18 13286072 13579867 25.867474 27.8831661 6.860856172
18 13579868 13626483 27.8831661 28.0939101 4.52085121
18 13626484 13735912 28.0939101 29.0315548 8.568521142
18 13735913 13906465 29.0315548 31.4099654 13.94528739
18 13906466 13909638 31.4099654 32.0273207 194.5651749
18 13909639 14167776 32.0273207 35.2507219 12.48712394
18 14167777 14249796 35.2507219 35.9013306 7.932317727
18 14249797 14310611 35.9013306 36.6129906 11.70204719
18 14310612 14428852 36.6129906 38.002269 11.7495488
18 14428853 14444076 38.002269 38.3964934 25.89492906
18 14444077 14484418 38.3964934 38.7517248 8.805497992
18 14484419 14498129 38.7517248 38.929117 12.93794763
18 14498130 14610015 38.929117 40.2094876 11.44352823
18 14610016 15068068 40.2094876 45.9797338 12.59733306
18 15068069 15670982 45.9797338 48.9206927 4.877907794
18 15670983 15738343 48.9206927 49.2722031 5.218307329
19 13582 234999 0 1.3235929 5.977801714
19 235000 497356 1.3235929 1.7923402 1.786677314
19 497357 711213 1.7923402 7.7859847 28.02641251
19 711214 814752 7.7859847 10.1230207 22.57155275
19 814753 823786 10.1230207 10.4756461 39.03314147
19 823787 1073471 10.4756461 11.5378961 4.254360494
19 1073472 1164051 11.5378961 11.8982077 3.977827335
19 1164052 1221631 11.8982077 12.2584213 6.255880514
19 1221632 1445874 12.2584213 15.3808749 13.92441949
19 1445875 1758079 15.3808749 22.6049163 23.13877548
19 1758080 2221660 22.6049163 27.6887267 10.96639077
19 2221661 3529642 27.6887267 31.5119539 2.9229968
19 3850230 4860705 66.7286582 66.3808612 0.344191252
19 4860706 4914120 66.3808612 66.0281165 6.603850978
19 4914121 5123438 66.0281165 64.965807 5.075098654
19 5123439 5472083 64.965807 61.0055095 11.3591117
19 5472084 5982220 61.0055095 58.5081866 4.895396531
19 5982221 5997387 58.5081866 58.1556138 23.24604734
19 5997388 6185276 58.1556138 57.093694 5.651846569
19 6185277 6212604 57.093694 56.6911406 14.73043765
19 6212605 6319507 56.6911406 55.4765999 11.36114702
19 6319508 6427258 55.4765999 54.2620572 11.27175339
19 6427259 6704816 54.2620572 53.2002099 3.825677156
19 6704817 7560407 53.2002099 49.6097555 4.19646116
19 7560408 7700031 49.6097555 49.2570103 2.526393743
19 7700032 7978070 49.2570103 48.3128014 3.395958481
19 7978071 8309444 48.3128014 47.8429948 1.417753354
19 8309445 8467822 47.8429948 47.4902762 2.227068153
19 8467823 9691649 47.4902762 47.1375637 0.288204542
19 9691650 10046086 47.1375637 46.78491 0.99496864
19 10046087 11929922 46.78491 45.3662602 0.753064386
19 11929923 11937989 45.3662602 45.0135687 43.72028015
19 11937990 12414947 45.0135687 43.9514824 2.226792087
19 12414948 12664331 43.9514824 43.5987952 1.414233471
19 12664332 13517595 43.5987952 43.1588166 0.515641818
19 13517596 14754626 43.1588166 41.8284957 1.075414359
19 14754627 14935679 41.8284957 41.4757768 1.948152751
19 14935680 15087025 41.4757768 41.0358072 2.907044785
19 15087026 15950477 41.0358072 39.7053511 1.540857048
19 15950478 16370690 39.7053511 39.3526334 0.839378363
19 16370691 16903837 39.3526334 38.6460604 1.325287397
19 16903838 18083449 38.6460604 35.1764581 2.941308074
19 18083450 18556651 35.1764581 33.4389086 3.671898048
19 18556652 19220977 33.4389086 32.0674887 2.064377881
19 19220978 19492578 32.0674887 31.511954 2.045407417
20 1403118 2125217 62.5015014 61.5671516 1.293934081
20 2125218 2379659 61.5671516 58.7291162 11.15395807
20 2379660 2458901 58.7291162 58.5375367 2.417650993
20 2458902 3091797 58.5375367 52.8013555 9.063386718
20 3091798 3348641 52.8013555 51.5264241 4.963835636
20 3348642 3431312 51.5264241 51.2056816 3.879746223
20 3431313 3632387 51.2056816 50.6173831 2.925766505
20 3632388 3689909 50.6173831 50.0291059 10.22699489
20 3689910 3906425 50.0291059 49.8309513 0.915196106
20 3906426 3995303 49.8309513 49.6534862 1.996726974
20 3995304 4242633 49.6534862 48.7628269 3.601096915
20 4242634 4472547 48.7628269 46.7075001 8.939546091
20 4472548 5062502 46.7075001 44.3198081 4.047244281
20 5062503 5084166 44.3198081 44.0980081 10.23818316
20 5084167 5570331 44.0980081 43.028036 2.200841484
20 5570332 6190282 43.028036 41.2550431 2.859891991
20 6190283 6561596 41.2550431 41.0603025 0.524463392
20 6561597 6755248 41.0603025 40.6042828 2.354841158
20 6755249 6918301 40.6042828 39.4562513 7.040848681
20 6918302 7028583 39.4562513 39.2449333 1.916160389
20 7028584 7797089 39.2449333 38.8215395 0.550931027
20 7797090 7871117 38.8215395 38.3494433 6.377265359
20 7871118 10535125 38.3494433 36.7811424 0.588699771
20 10535126 11375456 36.7811424 35.8903628 1.060034201
20 11375457 11464550 35.8903628 35.6240606 2.989002626
20 11464551 12299509 35.6240606 35.3577343 0.318969315
20 12299510 13133160 35.3577343 34.1082827 1.498770589
20 13133161 13483084 34.1082827 33.3964266 2.034316309
20 13483085 13706470 33.3964266 33.0411706 1.590323476
20 13706471 13824405 33.0411706 32.6859102 3.012340696
20 13824406 13896295 32.6859102 32.5084552 2.468423981
20 13896296 14031834 32.5084552 32.1531948 2.62109356
20 14031835 14400490 32.1531948 31.9757398 0.481356603
20 14400491 14448986 31.9757398 31.7982771 3.659326542
20 14448987 14535251 31.7982771 31.6208245 2.057063699
20 14535252 14684345 31.6208245 31.2656138 2.3824614
20 14684346 15244683 31.2656138 29.8366499 2.550182033
20 15244684 15343246 29.8366499 29.3033338 5.410915861
20 15343247 15409896 29.3033338 28.9480935 5.329936984
20 15409897 15503251 28.9480935 28.5467932 4.298648171
20 15503252 15590412 28.5467932 27.4050603 13.09912576
20 15590413 15721376 27.4050603 26.8108333 4.53733087
20 15721377 15748478 26.8108333 26.6333651 6.548158807
20 15748479 15767156 26.6333651 26.4559001 9.501284934
20 15767157 15834606 26.4559001 26.2362679 3.256222387
20 15834607 16048891 26.2362679 24.6295586 7.498001727
20 16048892 16210884 24.6295586 23.5992494 6.360208157
20 16210885 16343243 23.5992494 22.8872999 5.378927765
20 16343244 16396937 22.8872999 22.5167077 6.901929452
20 16396938 16801758 22.5167077 18.7548394 9.292670835
20 16801759 16827521 18.7548394 18.0143245 28.74334899
20 16827522 16849469 18.0143245 17.078783 42.6253645
20 16849470 16994269 17.078783 15.2134512 12.88212569
20 16994270 17317266 15.2134512 11.3743539 11.88586055
20 17317267 17380622 11.3743539 10.4640511 14.36805985
20 17380623 17504306 10.4640511 9.9190191 4.406649203
20 17504307 17532606 9.9190191 9.6984905 7.792530035
20 17532607 17656574 9.6984905 9.1662916 4.293034493
20 17656575 17661581 9.1662916 8.9011697 52.95024965
20 17661582 17815297 8.9011697 8.5623312 2.204315101
20 17815298 17875292 8.5623312 7.2464775 21.93272273
21 2364023 2806400 0.7108032 1.1788152 1.05794592
21 2806401 2806469 1.1788152 1.1788153 0.001449275
21 2806470 3764501 1.1788153 1.4503469 0.283426441
21 3764502 4290155 1.4503469 2.1983739 1.423040631
21 4290156 4715951 2.1983739 2.4462691 0.582192411
21 4715952 5126726 2.4462691 2.8440085 0.968265839
21 5126727 5664761 2.8440085 3.3773889 0.99134889
21 5664762 6012768 3.3773889 4.3284289 2.732818593
21 6012769 6597307 4.3284289 4.8015897 0.809459762
21 6597308 6905996 4.8015897 4.9790525 0.574891881
21 6905997 7659406 4.9790525 7.6312509 3.520259089
21 7659407 7774755 7.6312509 8.0323375 3.477157149
21 7774756 8011752 8.0323375 8.3876142 1.499076782
21 8011753 8421410 8.3876142 9.704224 3.213924298
21 8421411 8732210 9.704224 11.9028831 7.074192728
21 8732211 9653769 11.9028831 15.9383727 4.37898127
21 9653770 9659705 15.9383727 17.7641719 307.5807278
21 9659706 9691439 17.7641719 18.0541787 9.138677759
21 9691440 9798804 18.0541787 18.6188371 5.259240907
21 9798805 9876135 18.6188371 19.14157 6.759681111
21 9876136 10063486 19.14157 19.7612686 3.307687709
21 10063487 10177662 19.7612686 20.2479625 4.262663782
21 10177663 10314805 20.2479625 21.7671333 11.07727554
21 10314806 10397524 21.7671333 23.279628 18.28473144
21 10397525 10530723 23.279628 24.8943715 12.12278996
21 10530724 10627212 24.8943715 26.0432779 11.90712309
21 10627213 10669784 26.0432779 26.270962 5.34821244
21 10669785 10957081 26.270962 28.6531395 8.291689436
21 10957082 11016181 28.6531395 29.3194534 11.27434687
21 11016182 11139332 29.3194534 30.4342131 9.051974405
21 11139333 11253349 30.4342131 32.7653359 20.44539674
21 11253350 11391822 32.7653359 34.9153612 15.52667524
21 11391823 11623042 34.9153612 36.5989775 7.281447539
